BRMB_ID
30079
51094
17769
28096
5951
28102
11218
51177
26060
7248
34346
11362
5592
1634
19771
15150
5406
17664
5471
17613
11281
15127
11315
30097
36405
6894
18119
16198
6900
25046
27772
27705
25031
50612
27691
50786
18180
16101
6457
6999
18063
16176
27608
4280
15837
30813
17359
51547
15840
5036
17254
26970
15560
15483
30969
26893
15517
5041
26907
19336
34695
50255
16866
27342
25476
18529
25595
18890
25401
16811
18904
25921
16531
18424
10037
27238
6184
10040
16888
25498
16546
6010
25956
15410
17324
26800
19231
30434
15584
3440
26994
34606
30819
30443
19246
5131
17353
26877
15467
51440
30963
15489
26557
30880
36048
15930
4623
16441
6117
25851
50228
10147
10130
27348
6160
18523
16916
18803
50325
18459
25492
16882
4759
18874
16961
1744
17680
11212
34236
30190
5576
17714
11386
7242
15020
30004
19601
7235
15057
11265
17619
28072
51070
5821
5856
5598
51007
11368
28005
51193
50618
6527
16071
4264
16006
18113
16192
27778
18087
27796
18069
50681
25136
50715
50762
6807
25141
4369
6993
16735
4899
18620
10233
10244
6380
18657
16742
27146
16638
4994
25791
6319
27131
25605
50026
30740
15764
17050
5232
34572
11556
15687
11521
26759
17027
15713
30737
26623
15669
26654
34408
6653
16305
27821
4167
18210
50936
27598
50941
18267
16372
27856
4110
6624
25338
4084
16208
50461
27576
25242
25235
27501
27495
34142
5796
51209
11166
30370
5602
15354
7136
11085
7141
17417
19502
30307
11111
19958
17583
19496
30293
19478
15259
51290
19822
51304
51373
19855
17940
5778
11188
21100
27592
16378
50485
27406
50566
27471
25345
4183
18360
16275
27951
6723
6754
16202
4060
18317
50831
16396
18283
15329
19508
17589
51274
19952
17847
17830
26314
51397
5608
17484
51379
30394
34032
11182
17510
5772
30200
19472
15253
5691
19828
11061
27036
25702
50121
31058
25696
16748
6269
4893
10239
50156
25775
27041
6313
6287
10334
16632
6364
26753
15719
19138
5238
26724
34578
51633
15614
11426
36336
36341
26629
34475
11451
19042
30647
15663
17157
5335
50210
27307
25433
25869
6158
27370
10108
18941
50267
25964
6022
16574
4716
18461
10072
16959
25549
18582
16497
25887
10005
18416
16503
4761
25913
10191
6055
30598
17288
30856
51575
19209
26838
15991
30821
51502
15805
30501
26935
17211
5073
15525
30495
19290
36007
17385
51478
5190
36070
26518
34744
15552
26942
17266
5004
16049
25197
50620
25003
6945
27737
27740
6932
6568
6586
16144
4326
18051
18026
6465
16133
25179
5880
26052
51145
7399
51132
26025
34279
5963
5539
34303
5819
11327
51048
30131
7377
17621
17656
15162
7300
30146
19743
11350
6938
18121
16034
4256
16043
6515
18156
6481
16139
27647
25173
50750
25104
27630
6418
11257
5969
17751
15065
7207
19644
19633
15012
7270
5544
26058
11220
15168
19749
28037
5813
34309
51042
28040
5987
18511
16404
4666
6152
10096
18485
16590
10102
10175
4785
25439
25863
6125
16473
18566
27299
25543
18588
27277
18846
50360
25919
16509
50283
6028
27394
4688
18831
10078
5103
19274
30471
51952
51508
34643
30592
15878
19397
17282
30406
19203
26832
5174
15422
30926
51405
15902
26948
51591
15558
15896
19379
15975
26565
34739
30951
51472
11123
34093
19530
17425
7104
15366
5630
17452
19547
30342
11154
34170
17808
15388
51341
51336
17905
7009
19984
6782
4122
16340
18255
50904
18222
4155
27813
16337
50890
27449
27987
27969
18358
25393
50424
2529
27533
25270
27544
50453
50809
30705
11487
15721
34537
30691
11513
11564
34540
5200
17062
15756
26688
30608
26785
11469
51706
5299
26611
16770
6226
18665
50119
4486
10276
18786
27079
10201
287
16693
18612
31017
6251
4565
50014
27103
50180
27097
10298
27174
25640
26716
17068
26682
30778
26761
11519
17165
7433
15651
30675
5293
11463
34447
19193
34430
30796
11414
19007
30602
15626
17112
4935
18618
27190
50113
25730
4942
27004
18715
10292
6356
16600
18681
10306
16794
4581
27109
16677
6321
17996
30348
51231
17875
11129
19960
7179
11053
7003
15261
17555
30245
34194
5740
7074
34000
17978
11024
18228
27819
50554
50523
6788
4128
25294
50997
50459
12002
27880
50803
18325
4052
27914
16230
6766
6711
16247
18352
25399
6685
27539
11298
5468
28061
51063
5845
28016
19768
51180
15149
17693
11201
34225
17707
5565
11395
30017
7226
17770
5948
11276
27785
6439
25125
6863
4299
50771
27666
16118
6980
25028
4394
18177
27688
16015
16181
18094
6919
30970
26544
34718
15954
5058
19358
26969
51424
15403
5155
30427
34781
15597
26987
34662
30450
19255
26864
5122
15474
25515
16905
27221
10059
50336
25481
16891
16528
18867
25562
18547
6104
18889
16808
25418
6090
10154
10123
6173
16425
18530
30557
30899
17247
26963
15573
36051
15490
26880
36026
34712
15504
19325
20048
30520
34668
30800
51523
30994
5128
26819
15409
19228
15853
25932
6074
4740
18437
10024
25568
16978
10053
6197
16555
4737
25945
6003
10129
27351
25465
6179
25586
16996
25848
18883
16802
27326
18917
50231
34355
11371
7321
17600
5462
15134
11292
7356
30110
19715
17794
51069
11306
30084
5838
19681
5518
51087
28085
26004
34258
5942
51113
28111
5935
15039
19618
25158
18193
4370
6444
18007
18070
6433
16165
4307
50698
6869
4293
6549
50676
6913
27761
27716
25022
6964
50601
27682
16068
50795
25788
6300
4434
16656
27128
10327
4819
16621
6377
18734
4963
27025
25711
50132
6399
25685
338
4880
50145
25766
27052
5351
17133
15607
34585
30623
11435
15793
34466
11442
19051
30654
7412
15670
5326
17144
26740
34488
51620
27518
18373
16266
6730
6747
4073
16211
27935
50478
16385
18290
27581
4109
50496
27415
50575
27462
25356
27838
17497
17959
11191
7055
15237
5761
17503
19416
30213
19461
51289
17574
7022
15240
5682
7158
11108
19941
26307
51210
51384
17479
4079
50828
27565
25251
25226
27512
50405
18379
50591
27948
18397
27468
6640
4174
16316
18203
16361
27845
4097
51283
11078
51317
5688
51360
17953
17509
30219
34151
17829
5785
11175
30363
19566
17473
7125
15347
11096
15330
5666
17404
19511
30314
11102
17590
19485
34126
4813
4449
4987
18749
4864
27122
25616
50035
16726
6270
10220
27058
4969
6393
10257
50138
6207
26630
7418
17139
30629
26647
19156
30753
15777
5221
11545
11532
15694
17034
15700
19121
27264
16940
18855
10188
4778
27387
18478
50304
18822
27213
16937
25527
4675
10085
6141
27369
18496
10111
18958
25993
10166
4796
6136
25870
4602
18575
5189
51416
30935
15911
51582
15885
30518
17208
15966
26576
15446
19267
15988
26598
5084
34627
19210
26821
17305
15431
4348
27654
6826
25160
50743
50734
6851
25117
27623
18048
25083
27759
18132
6571
433
4232
16050
6506
18145
7319
11349
51026
5800
51051
28053
15098
30128
17638
11244
34260
5520
17742
15076
19657
34383
5899
30025
15001
5557
17735
34217
11233
27629
4335
16157
6401
18042
6476
4342
16120
25184
6498
6956
25010
27724
27753
6921
25067
18138
11334
15092
19727
7364
15106
17632
17645
7313
30155
19750
7287
11343
5893
7269
5907
26041
51156
11239
51121
5970
17748
6031
16567
18472
18828
10061
18591
50379
16484
10016
25894
4772
16510
6046
10182
50203
27314
25420
50397
27280
18508
27363
16847
18952
50274
51831
36180
19317
5060
17202
15536
34720
36014
19283
17396
5183
15541
26951
17275
30565
36119
11609
51566
30845
51485
17378
26592
30832
15816
19809
7184
11040
34064
17546
5724
19453
30256
30221
34187
19424
5753
7067
34013
51358
11037
5629
17985
51222
7089
19904
17811
34169
17866
19973
51255
25269
27893
12011
4041
6702
4036
18341
50867
6696
25364
27450
50889
27427
16359
25287
17176
5314
15642
7420
30666
19063
5280
11470
26608
30785
34423
11407
51768
19014
30611
15635
11593
5363
26705
34559
51786
5219
26691
19119
15738
26772
18706
6345
10281
16613
4471
25659
18692
10315
16787
16664
50199
6332
18771
4926
50177
10218
6248
50094
27183
50100
27017
34429
11599
19069
51715
26602
19113
15732
11494
17006
19087
30682
26778
11500
17192
5387
51618
17071
5213
30761
19164
50007
25624
27110
4856
6338
50193
16619
27167
4821
18698
6235
31073
27189
18676
10265
25729
18795
10212
16680
18601
31004
6242
5759
34019
51325
19803
17916
15278
19459
34114
15296
11130
30326
34080
19523
5654
7117
5623
19554
11147
7083
51228
34163
25380
50437
27520
25214
25263
27557
16229
6605
27877
16353
4131
18246
50960
50917
18231
4146
27994
5659
19974
17982
19559
15378
19879
11030
15396
34014
5754
17536
15202
34180
19423
7017
15275
5723
25280
27420
50537
50540
27999
16329
25219
6691
18346
50860
6705
4031
16253
27977
4046
27900
50817
18331
12016
27894
26775
5269
11499
19169
26702
11594
15632
36284
19013
11400
17092
19187
34424
26678
30782
34453
5287
11477
30661
19064
5313
17171
7427
15645
4956
27010
10268
50107
4498
27184
6238
50093
16719
27067
18798
25753
27089
18776
4401
6335
25629
10312
16780
18695
6342
10286
16614
18701
19163
17076
15742
34554
26708
11570
11507
17195
19080
34523
11493
15735
5263
19114
30711
34459
26791
5319
15638
26672
4571
16713
18606
31003
10215
16687
18792
4492
10262
18671
50099
16764
6232
50077
10318
27160
27083
16669
25623
4851
50000
34164
11140
7084
3322
19553
30356
7110
15372
5624
1582
17446
5653
17431
7167
30321
51258
11137
34113
5729
19990
34069
17911
51322
7189
51355
17966
15208
19429
27993
4141
27807
50910
18236
6602
4136
16354
6796
6778
50447
25264
27550
27527
25213
50430
25387
16259
18572
25877
16467
10161
18928
4791
25994
25800
10082
6146
18505
16930
27214
25520
18825
27380
4708
25899
18852
25557
16947
27263
17302
26826
30412
19217
36080
30848
11604
19383
36114
36163
34657
5083
15441
17375
26851
5117
51488
30945
15961
26571
15882
17278
15916
51411
27729
6495
18142
16057
6501
434
4242
18135
50649
25084
4338
6856
27624
50733
50744
27653
25167
6821
15192
11234
7264
17732
5550
19627
34384
19650
17745
15071
34289
51056
11339
5807
51021
30158
4248
50643
27754
25060
6926
25183
969
27659
16127
18032
18045
16150
4332
6406
50739
6592
7219
26031
5977
11249
51126
15198
26046
5900
17738
30028
5894
7280
11344
30152
19757
15176
7314
15101
17635
19720
5999
11333
34317
18955
50273
16840
27364
10088
4678
27287
18578
16837
27313
50204
18922
16517
4775
25907
10185
16483
25893
10011
27269
18596
10066
50309
18475
25970
16560
15811
51516
26595
17308
30418
30842
15866
15888
19367
30562
51841
17272
26956
5010
36064
34750
30938
17391
30481
34727
36013
17205
26921
5067
15531
30515
36187
25761
27055
4913
50142
4887
18649
27022
4964
25716
18733
16626
4444
27158
10320
4869
51627
11548
26730
30729
17039
51650
15677
17143
19056
30653
9500
34461
34582
17134
5356
25351
25326
27412
27848
27586
18297
16382
12024
18303
50825
6740
27932
16216
4074
27945
16261
6737
18374
4197
50408
7128
11178
19931
5788
26300
17824
17853
19488
51260
19946
5685
11075
17929
5711
15247
7025
19466
19411
30214
15230
11196
5766
19585
30380
34026
11002
17490
4090
27418
27842
16366
50955
18204
27835
16311
4173
18390
16285
50596
27481
50858
50402
25221
27515
27562
16388
18309
27938
19482
34121
11105
17597
19516
30313
15337
11091
17403
5661
17474
5616
15340
7122
30364
19561
7058
51367
19841
19836
17923
17579
342
6200
25688
10250
4919
50148
10227
18634
16721
6277
50032
6299
27125
4863
25611
4980
25666
4814
34485
19126
17033
5251
15707
34511
15693
11542
15770
17044
5226
19151
30754
36328
26640
17149
30659
26637
11271
5481
34255
7221
28088
5515
17777
30067
30010
19615
7256
11392
15034
36516
51169
17694
11206
51187
28011
5842
34358
51064
17799
19718
15139
18093
16186
18107
4270
16012
6533
50798
4207
16065
4393
6969
6987
6449
25155
27661
50776
50701
27616
6864
50695
16168
27782
5125
26863
30999
15473
30457
19252
15829
34612
15590
26980
19225
30420
15404
26814
51423
15924
26534
20032
19328
26919
15509
26543
15953
30977
6174
25832
25468
16878
10124
10153
4637
6103
18540
27251
25565
10029
6079
16558
25486
18817
50331
25512
16902
34618
15854
30870
5158
15479
30993
19258
51524
30807
15823
19322
30527
15503
5055
17237
36021
15959
26549
15497
26887
51429
34762
36056
5022
26964
15574
30550
19355
10159
18910
50236
27321
16805
18884
16991
16428
25838
27356
16872
25462
50241
18967
18989
6004
25942
18447
10054
6190
16908
10023
6073
25935
4747
16525
11398
5568
51163
51114
28116
5945
26003
51080
28082
15049
19668
34325
30083
19686
1657
17793
11301
5465
17607
11295
7351
15133
17670
30160
11376
51019
34352
6539
50606
27711
25025
18099
6914
6880
4294
6434
4300
16162
18077
27788
18000
16115
6443
18194
17896
17558
17902
19817
19860
11029
17975
7079
7097
11153
19540
30345
15361
7103
17455
15316
7174
30332
34094
11124
17878
18328
50454
25277
27543
6688
4028
50559
50897
16330
27814
4152
50903
18225
25299
18252
6611
16347
27439
6785
26616
51701
30678
26782
51695
11419
26661
36309
30775
17065
34547
5393
11563
11514
19093
30696
15726
11480
5270
19107
30702
16799
25647
18718
27090
50187
25630
6256
18615
31010
10206
16694
50169
4938
10271
18662
16777
6221
11587
5377
19000
30605
11413
17081
19194
30791
34437
5294
26788
30672
19077
17162
5300
7434
26766
19099
17018
30708
26685
51792
11569
5399
18765
16670
4848
2114
10301
18686
27179
10295
16607
4465
18712
27003
4945
50114
18668
27197
50080
4568
27074
25740
15385
34007
17525
15211
7073
30235
34193
19447
30242
15266
7004
19989
17552
11054
7190
17428
15288
19967
17872
17805
26321
51236
11159
19910
17991
19884
7109
6682
18355
6716
16240
27964
4022
16237
27913
4055
6761
50804
18322
27549
25293
27869
27433
25307
50524
4158
50909
4766
10196
6052
25914
18411
16490
10002
25880
18585
16929
10075
18466
27399
6025
4711
18946
189
50260
18488
25443
16853
27377
25819
16409
6128
16824
27300
25434
4788
10178
30571
5003
17261
26945
36077
34743
17382
34734
30492
19297
36000
26932
51825
19303
15802
51505
30826
26586
15996
26848
15458
5179
51572
15875
6838
16134
18021
18056
4321
16143
25109
6581
16039
50650
27747
6935
6942
50627
6518
36447
51038
11357
7293
30141
19744
17651
7307
7370
15112
17626
34290
30136
11320
15086
36430
34304
19649
26022
28137
51135
51142
26055
5549
5887
16149
6845
27637
50757
27640
6832
25174
970
6468
6948
18151
16044
6512
6565
4251
16033
18126
25079
19739
28047
5814
5863
34379
11227
51148
34203
7277
17721
30031
19643
5534
7200
26028
11250
16923
27207
25533
50310
18836
27393
25969
6058
18841
10008
25544
16954
27270
18561
6122
25864
50389
10172
4782
10105
25987
16859
25449
4661
16403
10091
18516
51475
30956
17388
15972
26562
15528
15891
51596
5009
30921
17311
26835
15425
30401
19204
51578
17285
30595
36107
19390
36170
15808
5090
19273
15452
5104
50021
4870
27136
25602
16648
25796
4993
6369
25675
4807
27141
4527
18650
10243
25778
10234
31022
18627
16732
26653
51744
19038
5338
34478
26624
34496
5242
17020
15714
51649
11526
15680
34575
15763
5235
19142
50585
16278
50411
25232
27506
27571
50466
6759
4083
21099
4117
27851
16375
50946
18260
18217
4160
27826
16302
25348
16296
19408
30399
51374
17489
19852
19825
34048
17930
51297
19491
34132
11116
51279
17584
30300
11082
15324
17410
5605
17467
7131
15353
30377
5791
11161
19928
26319
18310
50836
6753
16205
4010
16272
6724
27498
18367
12040
4184
27476
18389
25342
50561
50516
4089
27401
6629
27595
51309
5696
34042
5702
7036
30207
11185
19858
11011
17483
51390
19578
19922
51204
17837
17840
51273
19955
5678
11088
4999
4457
16635
6363
10333
6280
6314
18757
4900
27046
50151
4894
16738
25691
50126
10249
4977
27031
25705
7406
15664
5332
17150
19045
30640
11456
34472
26659
36331
15787
30637
5345
17127
26723
15769
19148
26754
30090
34336
17780
11312
17614
15120
11286
17663
5401
19776
28008
11365
5595
34341
30009
17719
19798
5921
51170
51107
5498
28105
11268
26010
5956
51093
7238
28091
4287
6427
4313
18064
18013
4364
27678
18187
50781
27696
18169
27702
25036
6970
25041
6907
27775
6893
4269
19331
30534
34692
34706
26894
30919
36045
26977
17253
5031
15567
30543
51860
19346
15847
26999
15589
30439
17329
20126
30814
15830
16541
25951
50328
6183
10047
27248
18879
10030
18423
6060
16536
25406
27332
16816
25592
18559
16982
27345
16861
30913
26527
30887
34698
15940
51447
26870
17354
30444
19241
36142
26993
30869
19236
30433
26807
17323
5141
27242
16966
25576
50355
18429
18990
4729
25495
16885
6189
18804
25501
27235
16911
25821
6167
10137
50258
10140
18909
27338
16446
25856
6110
16988
18553
30179
28002
5851
5826
11318
28075
51077
11262
5492
34246
5506
19671
30074
30003
19606
17713
5571
11381
7245
30197
34231
19792
1743
17687
11215
18019
6800
27672
16098
50712
27605
6877
50686
27791
18080
16195
6899
18114
16001
4263
6520
16076
4214
4380
27708
30749
26727
26750
51647
34498
11452
36342
15660
17154
19041
30633
19036
5341
15617
36335
11425
15783
25776
27042
50122
4973
27035
25701
4809
10337
4453
6367
6310
4424
16646
18753
25798
6284
27138
19926
51200
17833
26317
30379
17844
51277
19951
11118
51299
5706
7032
15250
30274
5692
11062
34046
34031
30397
17487
19406
11181
5771
17513
27472
25346
50565
16298
18219
50948
27591
50512
27405
18314
4063
16201
27925
18280
50468
12033
16395
27508
16276
27952
50845
18363
11086
7142
15320
17414
19495
30290
11112
11165
34141
17839
5601
7135
15357
30373
19576
17943
19598
51370
30209
17519
19821
5698
51307
17934
4113
16371
50942
4087
50518
18387
27478
16306
27502
18369
27496
50838
4069
27575
25241
12039
11522
15684
34492
30734
17024
15710
15767
5231
19146
11555
30639
26657
15789
11458
26620
7408
10247
6383
50128
16741
18654
18623
4554
16736
6260
27048
10230
18759
25792
50025
4874
25606
4803
27145
18110
16005
4267
6553
18084
6909
16191
4384
25038
6524
16072
18167
27698
25142
6804
18189
27676
50761
6990
16108
50682
6429
27795
4289
27601
25135
6873
7236
17760
19675
30070
11266
5496
51109
5958
26069
30193
34235
19796
17683
11211
30007
19602
17717
15023
11385
7241
51004
28006
19778
11288
34338
5822
28071
51073
10133
18520
25825
6163
16442
4620
25852
6114
18899
18557
10144
6080
16818
16538
27246
25572
18877
10049
18800
50326
25505
27231
18994
6019
25491
16881
17350
5132
30440
19245
19232
30437
17327
26803
5145
15849
34605
15587
26997
15569
26979
30883
19348
30917
15933
26554
34708
15944
30960
51443
5048
16986
25402
16812
27336
16865
27341
50256
10139
6187
10043
16545
4727
25955
6013
16532
10034
19238
26809
15419
15843
30867
30810
51533
15834
34678
34702
19335
51813
34696
15514
26904
5042
17257
30889
26973
15563
19342
26529
15939
27706
25032
6974
16078
27692
6559
6903
27771
16175
50688
4317
18060
4283
6879
25148
18183
16096
18017
16102
4360
6454
30199
26063
5925
17689
19608
51097
5508
28095
28101
5952
34248
30100
17610
5472
11282
30094
5828
17784
11316
11361
5591
36471
34345
17667
30177
27437
25303
16349
50557
27440
50899
18351
6712
27960
16244
27883
50994
27917
16233
4051
18326
19963
19539
17995
19880
34179
51232
7099
19914
17521
5743
15215
30231
15381
11027
34003
34074
11050
19819
7194
19443
17898
30246
7000
17556
27193
16779
50084
27007
4941
50167
10208
27070
4936
25744
6258
18761
50189
6322
10291
6355
16603
18716
10305
16797
25649
18682
15728
19109
26762
34549
26681
5209
11417
17085
34433
15625
11583
17111
5373
19004
36293
30601
30676
17166
5304
15652
7430
26618
11460
2060
10202
16690
18785
6252
4566
18611
31014
31063
27199
18666
16773
6225
10275
27177
25643
18688
25634
50017
4588
27094
50183
51608
5397
11567
19174
5203
15755
15722
11484
17016
30706
26768
34534
19079
26786
15658
51691
26612
51705
34439
5379
11589
36299
27810
16334
4156
50907
18221
27984
6781
18256
50970
6615
27867
4121
50450
27547
16239
25390
6718
27530
50427
19544
7107
17451
5633
34173
7093
11157
11120
34104
15312
7170
19533
17906
51335
17892
19449
15268
19987
19864
51342
17971
34009
30591
19394
5177
26831
17315
15421
36097
19200
15998
26588
15456
5100
26846
17362
34640
5094
30828
51471
19299
15901
51406
5199
30925
15895
51592
10176
50219
4786
18565
6126
25860
16470
10095
25817
16593
10101
25983
18486
27397
18468
27203
16927
50314
18832
18845
25540
27274
10198
4768
15011
5547
17725
34393
11223
34270
28139
7390
11254
30042
17752
1696
7204
15066
51041
28043
15088
5810
17628
5984
30138
7309
5867
28034
11359
18155
4222
16040
6516
6482
4255
16037
18122
6841
27633
18058
25093
4358
6836
25170
5960
26026
28133
30048
7279
34399
51146
11229
5917
30145
19740
7303
15161
11353
7297
11324
15082
1672
34300
15116
17622
19737
34294
27743
25077
25194
4228
6946
27734
6466
4352
16130
18025
6585
16147
26582
30478
20110
51495
17368
15806
51576
30855
36109
15871
34747
19370
30575
15551
51598
17265
5070
26936
17212
51821
30502
19307
17386
30958
34730
19293
18518
18942
25989
50264
16599
25447
27373
27304
25430
50213
18935
27290
50387
50369
10006
18581
16500
10192
25910
18415
18462
6021
25967
16577
27209
10071
4681
5358
26644
51724
15679
34515
36221
11531
30727
34481
19122
15703
15774
5222
19155
30750
11546
6309
27121
4867
25662
4810
4984
16628
6390
10254
25718
18647
4889
18630
10223
17950
51363
19845
5768
11198
15249
51280
19832
51314
17927
19512
30317
15333
7151
11095
17407
5665
19486
19948
11101
17593
5786
34152
15344
7126
19565
4199
25225
27511
6739
50592
27485
16218
27566
18299
50471
16362
4100
27588
18277
4094
25328
18394
18200
6643
16315
27831
4177
17577
15243
7021
19462
19838
34055
34022
17494
51369
19415
30210
15234
11192
7056
5762
17820
5618
19518
15339
30289
17857
17599
19942
18307
50821
6744
27936
4070
18293
16386
12020
4193
16265
50598
6733
18370
27461
25355
50576
6649
16368
27582
27416
11441
26639
15673
7411
17147
19052
30657
30620
34586
17130
5352
15604
15790
11436
5228
51623
26734
26743
51654
25668
10324
18737
16622
4437
18740
6297
4883
6279
27051
10229
50146
50131
27026
25712
4304
16166
18073
27618
18190
16085
18004
6989
4373
16111
6447
50602
27715
6967
25021
4209
50796
27681
6884
18109
6910
27762
16188
19716
5461
17603
11291
15137
30087
19682
11305
11372
34356
7322
17674
30164
5936
11208
51167
51084
28086
30069
51110
28112
10050
6194
18819
27228
4734
16556
6000
16898
18443
25488
18434
25931
16521
10027
18880
25585
16995
6099
25411
16801
27325
16876
27352
25466
18539
34711
15493
30979
30523
15507
5051
17233
17244
26960
15570
51877
30554
19351
36052
51899
15850
30874
30997
16971
25561
18864
18813
50335
18987
18449
25482
27358
18969
10120
18533
25836
4644
16426
16451
50238
6093
10157
30890
51427
30904
36058
26530
26547
51450
30529
17239
30809
34661
17343
26867
15477
19256
19221
34782
51907
30424
15400
5156
26810
15594
26984
25151
50772
6983
4379
50691
27612
6860
18103
16016
6540
27768
18097
50608
4397
16061
28015
11378
5846
17609
19688
28062
7225
15047
5511
17773
19666
30063
28118
11275
5485
34226
30180
17690
11202
5566
17704
11396
50443
12018
25260
27554
4048
18348
25383
27979
27523
25217
50434
4145
27803
50914
27997
27459
50539
18245
50963
6606
4132
27874
17915
11049
19800
17881
7019
19994
17538
15398
51351
17962
30352
7114
5620
34160
17818
11144
7080
11133
15295
5657
17435
15301
30325
19520
4478
10288
25650
25627
27113
50004
18778
27087
50190
10211
16683
18796
27069
6241
4575
16717
18602
31007
6236
4958
4496
10266
7429
26601
11479
51716
26676
19189
30618
34550
36264
11574
26698
19167
5210
17072
15746
11497
5267
17005
19110
17191
19084
34527
30681
27119
18772
4405
16667
6331
6346
10282
4472
16610
18705
10316
50079
18691
4828
27180
25720
4952
27014
50103
50174
16689
4925
27063
25757
18608
11404
34420
30786
11590
15636
51688
5317
17175
7423
34457
11473
26771
51611
30768
51785
18342
25389
50864
4035
16257
27529
6695
50449
27890
27904
6776
50813
27424
50969
25284
27809
18238
50544
25367
27453
5750
17532
15206
34184
30222
19427
11034
17968
34067
7187
11043
19450
7013
15271
5727
17545
19970
11139
51256
17865
34089
17448
19893
17812
19907
15918
36060
5180
19363
15542
26952
17276
5014
17201
15535
30511
51832
19314
26591
15981
51486
5119
17298
51565
15438
26828
19219
16487
25897
10015
16949
25559
18592
4771
6045
10181
18471
25974
6032
16564
50299
4706
10062
6148
18951
10118
50277
25454
27360
16833
25423
50394
25879
30156
19753
17646
15172
7310
11340
15091
11337
51058
15105
17631
19724
34287
5973
51122
5529
15008
19629
26042
5904
6475
16123
4341
25169
6858
18041
16154
4336
27750
6922
6578
25187
16059
6955
27727
51052
28050
5459
5997
19759
15178
5874
28027
51025
15002
7260
17736
5554
19623
11230
26048
34263
51128
11247
7383
19654
17741
15075
27620
50737
25080
6408
16129
50740
16053
447
6505
25019
6928
6572
16024
15965
26575
34729
15912
51415
19369
26958
51581
15548
15868
36110
26822
17306
30416
19213
36084
19264
26855
17371
51518
27210
16934
25524
4698
10068
18821
18856
50370
25553
18598
27267
25909
16519
16839
10165
4795
18576
25873
16463
4601
4676
25804
10086
6142
25990
10112
15865
34629
51515
15812
51481
26858
15448
15986
34724
26578
30482
19287
15968
17392
30516
5064
17206
26922
15532
15545
5013
17271
26955
19364
51842
30561
51418
5187
34753
50393
6138
27284
50207
4798
10168
25453
16843
27367
18956
50270
25809
10065
4695
6035
25973
4701
16563
16514
10186
25904
16480
10012
5903
34219
26045
51152
5897
15078
51125
5974
19723
30126
7360
15102
17636
11330
51028
11347
5879
17641
7317
15175
27720
6508
25180
16029
27757
6925
25063
50640
4331
16153
6405
547
18046
25119
6828
18031
16124
5524
7210
15072
19653
11240
7384
5909
11237
19624
30021
28020
51022
5873
51055
28057
6575
4241
25069
6496
4236
6502
18141
6822
50747
6478
16159
25087
50730
6855
25113
27627
15442
17376
26852
19214
17301
26825
15435
30585
19380
36117
51568
17295
5019
15881
51412
30931
34759
15962
30488
17398
19319
26928
18492
25459
16587
10115
4671
16413
10081
25803
6132
25874
50399
16464
18571
10162
4792
25554
16944
27260
18851
50300
18826
16933
27217
25523
16569
25979
6601
16357
18242
50964
27429
50887
27990
50549
50913
18235
16320
27804
50433
27524
25210
4038
50869
25384
18338
25267
27553
50444
30322
17432
5650
15306
17868
34110
11134
11143
7087
34167
15371
7113
1581
17445
5627
19550
30355
17965
19870
51356
34189
7069
19993
17886
51321
19807
17912
4491
10261
27019
16767
6231
18672
18605
31000
16710
4572
18791
4928
10216
16684
50179
27080
50003
25620
4852
4825
25657
16789
50074
18708
19083
30686
34520
11504
17196
19117
15736
11490
17002
5260
17075
5217
51788
15741
30765
19160
11573
34557
51766
11409
30668
26792
4578
27064
4922
25750
50173
50104
25727
27013
4955
50090
18678
27187
18696
27169
10311
16783
6341
10285
16617
4475
4402
6336
18775
50009
4858
51782
26695
51616
5389
26701
26776
19089
30718
17008
5284
11474
34450
17172
5310
15646
7424
30662
19067
19010
11597
17105
34427
11403
25360
50543
27879
18248
50814
18332
27903
4045
6771
6692
16250
4032
18345
50863
51226
11149
17815
26331
7119
17981
17862
15298
19977
15276
7014
19999
17542
5720
7180
17918
15395
11033
34183
15201
7063
6917
6883
18179
478
27712
25026
6960
16116
4374
6440
18003
16082
27668
18197
4297
50708
18074
16161
5946
51117
11278
28115
51083
7228
30019
51160
19788
5931
19766
30163
7325
17673
34351
11375
11302
30080
34326
19685
17604
5466
11296
19711
4649
27355
16871
25461
27322
16806
50235
25582
16992
18887
18869
16526
18433
6007
50338
10057
6193
15820
51527
26989
15599
30429
36055
30909
30553
51870
19356
26967
17243
15577
17234
5056
19321
30524
34682
15494
26884
34716
27328
18919
10150
16998
25588
6100
6177
18534
10127
25485
16895
18980
4739
25511
6199
50345
18863
25566
18439
15593
26983
15407
30423
34785
19251
26860
17344
5126
15470
34666
34688
30974
15950
15927
30903
51420
30559
17249
6530
16066
27718
50678
18090
16011
25121
6867
50702
27781
50696
4309
6984
25156
6810
27662
17703
5561
11391
19616
11205
36515
19782
34256
11272
5482
30064
7222
5516
28065
11308
51067
7358
17679
51184
51010
28012
11541
19152
30757
5225
17047
17030
15704
34486
30720
19125
51659
15690
34512
5328
34468
26634
51723
26643
15609
19028
10224
25768
4540
16722
18637
341
10253
2031
6379
4983
10329
25665
4817
27151
4860
27126
25612
50031
25786
16658
30367
19562
5615
17477
7121
15343
34155
26309
19938
11171
11106
51269
17594
19481
34122
30284
11092
15334
5662
19515
30310
34058
17920
19835
51313
19418
51364
19842
17957
30389
6644
27836
16312
50921
18393
25358
4093
4107
27841
16365
50476
25255
6749
27482
50595
25222
27516
50401
19945
17850
5668
11098
19568
15349
51380
17827
11195
15233
17507
19412
30217
11001
19848
17493
19586
30383
34052
5686
11076
30260
5712
15244
25325
27411
4099
27585
16318
27466
18399
50851
27488
18377
27946
16262
6734
25228
16381
18294
6743
27931
16215
50826
34518
26744
26733
51624
15779
11431
15797
26649
5355
17137
15603
30627
19055
7416
15674
34462
25681
6209
4967
27021
25715
10259
50141
25762
4910
27056
4884
25618
6304
4430
16652
4447
6373
4989
18730
10323
17268
51595
15892
30922
51401
15971
36009
30955
5093
34647
15451
17365
26841
5107
19270
30475
19207
17312
26836
15426
34630
30858
17286
16957
27273
25889
18842
16499
16920
27204
25530
4718
16594
50269
25984
10106
16400
25810
10092
6121
18562
10171
4781
28033
51031
5860
5983
34299
5817
11329
17755
5537
15061
7203
11253
34200
11224
19637
30032
34394
15016
7274
17722
5540
27643
25177
50754
18028
4328
25094
6588
6846
27634
18125
6566
16030
4252
27739
16047
4225
25199
18152
30135
34293
15111
17625
34307
15085
11323
11354
28039
17652
15166
30142
5910
51141
5884
7209
11259
28134
26021
5967
6416
18055
6582
27649
16137
4355
25007
6941
27733
25193
18158
27744
25070
6936
30491
34737
19294
17381
30505
19300
26931
5077
15521
17262
26946
5000
19377
30928
5194
30408
17318
19399
51571
30825
5099
15801
36179
51492
26585
15995
10076
16570
4712
18465
18412
16507
4765
25917
10195
6051
27279
18586
25883
18848
50380
50214
27303
25437
16850
27374
18945
50263
10098
4668
50807
18321
4056
6762
50993
27884
6715
16243
27967
18356
50870
27447
27989
16339
50527
27430
25304
7007
15265
17551
19444
30241
11057
7193
51338
34073
34004
11020
19869
15386
34190
30236
19433
5744
17526
7070
15212
51235
19913
17806
26322
17992
19549
34109
17871
10302
16790
18711
10296
4466
4411
16673
27099
25639
31019
4931
27077
18788
25743
50160
10278
50117
25734
27000
6228
5297
51708
11467
34443
5303
17161
15655
30671
19074
19003
36294
30606
11584
15622
5374
19197
34434
11410
17082
15758
19179
26686
51605
34539
26765
16679
27093
50010
4841
27107
4836
27170
10308
6358
10272
50089
4516
16774
31013
6255
16703
18782
10205
16697
15628
30798
26662
34449
26615
51696
5309
36207
19090
30695
19104
11483
5204
17066
30776
19173
5390
11560
34544
26718
27537
16249
25397
25274
27540
50457
6612
4126
16344
18251
50977
6786
25379
27983
50900
18226
4151
27817
17976
51345
19439
19980
17895
51332
19814
7199
34079
30331
17421
15315
34103
11127
15281
7094
11150
26328
17456
17998
27606
6874
25132
50711
27792
6997
50766
6803
25145
27671
4217
16075
16196
18083
25048
16002
28076
51074
5825
30099
15129
19708
5408
34348
51003
28001
5572
17710
11382
7246
30000
19605
51179
11216
5928
30194
19791
11261
19672
30077
28098
7231
5505
17767
25496
18993
25958
16548
25502
27236
16912
18807
50356
10039
18870
27241
25575
6069
10143
18550
16445
6113
10134
16868
26909
15519
19338
30967
26553
15943
15934
51433
30910
5038
30884
26990
36136
34602
5142
26804
17320
19235
30430
19242
26873
17357
34675
15839
3433
10033
25925
4757
4720
16542
6014
25952
16918
25508
6180
10044
25828
50251
18977
27346
16862
25405
27331
16815
18900
10149
16981
51439
19345
5032
26974
17250
15564
15513
26903
19332
34691
30537
15487
26897
15949
34705
19248
15469
15833
51534
34608
15844
5148
4367
16105
6453
18010
16091
485
6809
25138
4284
18067
27798
4310
18089
6904
25042
27776
16008
6890
50782
6529
27701
6973
25035
4389
19775
30170
15154
5402
17660
5858
11366
5596
17783
11311
34335
30093
11285
15123
5955
51104
28106
19678
51090
28092
15059
11388
5578
51173
26064
15784
11422
34406
36332
17124
15610
30634
19046
17153
36345
34471
17029
30739
15689
26757
26720
51637
11558
4879
6283
50028
6317
16641
4423
16636
4454
18723
10330
27148
25692
27032
4974
25706
50125
4559
4897
11186
17514
30204
11012
30390
34036
17939
34041
5695
11065
5701
15257
7035
51270
17843
19498
17419
30309
17834
19921
11168
51207
5798
50842
18364
16271
6727
27578
6750
27922
16206
4064
18313
50835
25336
50515
18269
27596
27858
50481
50938
27475
25341
19826
17569
51294
51377
11018
19851
30374
5606
51399
15350
7132
34146
5792
11162
11115
30297
17849
34131
15327
11081
19506
30303
16398
50465
27572
18319
4019
25231
50412
27825
16301
18214
16295
50568
18380
27408
50945
18263
27852
16376
4114
6620
17159
26627
51730
11428
51747
36338
26650
34598
34576
30744
15760
5236
17023
5241
15717
34495
19136
15683
11525
18729
25676
4804
27135
4873
25601
50022
6289
4429
50158
10237
4909
16731
4553
6267
31021
18624
25698
18653
31056
6210
16746
4524
27038
10240
6384
17553
19988
30243
19446
11055
7191
17909
34006
15384
19431
30234
7072
15210
5746
17524
11158
19911
51237
17804
26320
19885
7108
17429
17873
51240
19966
15289
18323
50805
6760
4054
16236
27912
27548
27886
50428
6683
4023
16241
27965
6717
27445
25371
50908
27868
25292
50525
25306
27432
7435
17163
19076
26789
30604
19001
5376
30790
19195
17080
11412
51793
26684
5398
51607
11568
19098
26767
17019
18687
16792
10300
18713
16606
10294
6350
4413
16671
18764
4849
4933
27075
50115
4944
27002
25736
27196
18669
26660
51700
26617
17169
30679
26783
34531
19092
11515
30703
19106
5271
17013
11481
15727
15750
5206
19171
30774
11562
5392
34546
27091
4843
4834
27172
16798
18719
10270
27008
4514
16776
18663
31011
18614
4563
16701
4939
50168
16695
10207
17974
19982
17897
30249
19816
19536
34095
7175
15317
34101
17879
11125
11152
34176
17454
7102
19541
6689
50422
4029
25395
18329
27542
25276
50455
4124
6610
18253
25298
6784
27438
50896
50558
27981
18224
4153
27815
6059
16955
27271
25545
50366
18840
10009
18837
25532
16922
27206
25968
16578
27392
25448
16858
25986
10104
16596
18517
10090
16402
16475
50388
25865
18560
10173
51597
5008
15890
30920
51403
34748
17389
30957
51474
19308
15529
15809
36171
17367
26843
5105
30477
19272
19205
30400
15424
17310
26834
5172
36106
19391
30594
17284
51579
25175
971
6833
27641
50756
6469
16148
27636
25102
6844
16032
6564
25078
6949
6513
16045
4227
51033
28031
7298
5862
19738
5981
15063
7201
19642
30047
7395
11251
26029
5918
34202
51149
15180
11226
30030
34396
19635
17720
15014
7276
16142
18057
6580
25108
18020
16135
4357
50626
27731
6943
6519
16038
25072
6934
27746
50651
30137
34291
19732
17627
7371
36431
15087
11321
11356
7292
51039
5868
15164
17650
30140
26054
5912
51143
5886
5548
19648
28136
10074
16928
25538
16572
4710
6024
27398
18467
10197
6053
16505
18584
25881
16491
6129
10179
18930
4789
50216
25435
27301
27376
25442
18489
50261
18947
16408
25818
36001
26569
30493
17383
19302
26933
5075
17260
26944
15554
30570
34742
5178
34638
15874
30850
51573
30827
51504
15803
15459
26849
15997
26587
25609
6281
18756
16643
4421
6315
6362
16634
18721
4998
10332
25690
25704
27030
10248
50127
27047
4901
25773
16739
4895
11420
36330
26658
17126
5344
19033
30636
19044
17151
5333
7407
34473
11457
5249
51642
26755
34509
26722
19149
15768
18366
27499
6725
16273
4011
25239
12041
16390
12036
18285
27920
16204
6752
50837
27400
50517
27594
6628
16309
50560
25343
18388
27477
5774
15222
11184
30206
19403
17482
19859
11010
34043
11067
51308
5697
19474
30271
17561
19954
51272
17841
34139
11089
5679
19579
15358
26312
17836
51205
50467
25244
6758
27493
16279
50584
50410
27827
16303
4161
6655
18216
16297
25349
21098
2410
4082
18261
6622
27850
16374
4116
17931
19824
5709
51296
19409
17488
51375
17946
30398
30376
15352
7130
17466
5604
26318
34144
11160
19929
17585
51278
11117
30295
34133
19490
17411
15325
11083
7147
30301
6368
4992
10338
4806
25674
27137
4871
25797
16649
10235
25779
6265
16733
31023
16744
6212
10242
26625
34479
51745
26652
15618
26728
34574
19143
5234
15762
15715
17021
19134
34497
15681
11527
34503
11319
28074
5827
7349
30178
17668
5850
28003
11380
7244
5570
19607
30002
11214
17686
30196
34247
5493
11263
30075
19670
5507
51098
6876
25130
50713
27790
4318
50687
18018
6995
16099
27673
6801
25147
4215
16077
6521
27709
4381
16194
18081
6556
4262
18115
34699
30965
15941
26551
26526
15936
30912
17258
30886
26992
34600
26806
17322
30432
19237
19240
30445
15461
26871
17355
36143
16884
25494
18991
27234
16910
25500
6188
18805
25577
27243
16967
18428
27339
10141
18908
6085
18552
25599
16989
6111
16447
16430
6166
50259
10136
30918
19347
15566
5030
5047
26901
15511
34693
30535
19330
15485
34707
15831
26998
15846
17328
30438
18878
10031
27249
16537
6061
25927
18422
18455
6016
25950
4722
6182
10046
50329
50253
27344
16860
27333
16817
25407
16983
25593
18896
30172
19777
5594
28009
11364
11313
17781
19694
30091
11287
15121
17615
19700
26011
28104
11269
51106
5499
7239
51092
30008
5920
26066
19799
6451
16107
18012
16093
18186
27679
4286
18065
4312
27774
6906
25040
27697
50780
6971
25037
27703
19525
15304
17430
34112
15290
11136
51259
11141
7085
19908
1583
17447
15373
30357
17989
19552
17967
51354
19428
15209
19991
5728
7188
51323
34068
16355
6603
50966
6797
25368
27992
18237
16322
27806
4140
50431
27526
16258
25386
6779
25265
50446
30684
34522
11506
17000
5262
15734
11492
15743
17077
19162
26709
34555
51713
26604
5318
34802
51687
10263
4493
6233
50098
18670
31002
18607
16712
6244
25758
18793
16686
10214
16668
50195
27082
50001
4850
25622
27161
4827
10319
6349
51780
26697
19168
26703
26774
34528
11498
11476
51719
5286
34452
15644
7426
17170
5312
19065
30660
30617
19012
5365
15633
11595
26679
30783
34425
19186
11401
16718
25752
18799
27066
4920
50106
10269
4957
27185
18694
16781
10313
18700
16615
6343
10287
6334
16662
18777
27088
25628
19902
51224
17817
15379
19558
17983
5658
51253
17540
5722
15274
7016
7182
34015
15397
11031
19422
34181
15203
7061
5755
25362
27998
16328
6609
25281
27421
50816
27901
4047
27895
6690
25218
16252
27976
4030
50861
50391
18579
27286
50205
25426
27312
16841
27365
25451
18954
4679
10089
50308
4697
10067
16561
25971
18474
18403
6040
10184
16516
27268
10010
25892
16482
30419
15867
30834
15810
26594
36012
19285
34726
30480
17390
36186
19311
15530
5066
17204
26920
5011
17273
26957
15547
51840
19366
15889
5185
30939
34751
6950
25016
25182
4249
6927
25061
27755
50642
6407
4333
16151
18044
6593
50738
968
4344
16126
5901
26047
15199
5895
30029
17739
7218
11248
5976
26030
5998
34282
30124
19721
5456
17634
7362
15100
11332
15094
28028
7281
11345
34361
7315
15177
17643
30153
18134
16021
6577
435
6494
6500
25188
6820
25166
50745
18039
4339
25085
50732
6599
27625
915
25111
15070
19651
11242
7386
34211
11235
15193
34385
30023
19626
15007
51020
28022
5871
30159
34288
5992
11338
28055
51057
18490
25995
16585
18504
10083
6147
25801
16411
4604
16466
6130
18573
4790
10160
18929
16946
27262
25556
18853
18824
50302
25521
16931
27215
4709
27381
34656
36162
5116
17374
26850
15440
19261
19216
36081
15437
5161
17303
26827
19382
36115
34621
11605
17279
15883
30569
51410
30933
15917
26570
36018
15960
30944
10226
50149
4918
6276
18635
18642
25689
6201
27029
6395
10251
4981
18738
25667
27124
6298
50033
4438
30755
19150
5227
17045
15706
5250
17032
30722
11534
15692
30658
17148
26636
51756
26641
36329
34589
27834
16310
6646
16284
27419
4091
6631
4105
27843
16367
16389
25257
27563
27939
18308
50859
27480
27514
50403
19560
15341
17475
11173
17596
11104
34120
30286
17858
19483
17402
11090
15336
30312
19517
17922
51311
19837
17578
7059
19840
11009
51366
17955
27413
25327
27587
18278
25350
27464
18375
6736
27944
16260
50409
27569
18296
4075
16217
50824
18302
19947
19489
17852
1996
30318
7129
26301
17825
5789
11179
17505
11197
7053
15231
30215
19410
17491
11003
34027
30381
19584
34050
17928
11074
5684
7024
15246
5710
18648
25717
4965
27023
50134
50143
4912
25760
4886
6292
6306
6371
4445
16627
18732
10321
27159
17038
30728
15698
26746
26731
11549
15795
34417
15601
5357
17135
30652
5320
7414
15676
34460
26002
5944
28117
51115
19669
15048
51081
11399
51162
34229
5933
30161
19764
5849
51018
11377
11300
17792
19687
30082
15132
11294
7350
17606
19713
27767
18098
6915
16019
6881
27684
6538
50793
25024
6962
50607
6442
16114
4376
18001
16080
18195
4295
27789
18076
16163
4301
19259
15478
15822
51525
30871
15855
34619
5159
36057
34763
51428
19354
30551
15575
26965
17241
26912
17236
5054
15502
19323
26886
15496
15958
25839
18966
50240
25463
27320
16804
10158
18911
6108
18885
16524
25934
6072
18431
18446
25943
18988
6005
4731
25519
16909
10055
26981
15591
34613
26815
30421
51902
19224
19253
30456
30998
5124
15828
15508
20044
19329
51455
15952
26535
15925
30901
51422
51878
20033
30895
6096
10152
18541
6102
4636
4641
25833
6175
10125
16879
25469
16897
25487
16559
18982
27227
25513
50330
18816
18861
10028
25564
27250
6078
15035
7257
11393
17701
5563
19614
30011
11207
17695
30185
5939
34223
5480
11270
30066
17776
5514
28089
7220
51065
30088
19719
51186
5843
34359
51012
18171
16064
50799
4206
6532
6968
25059
18092
4271
6865
27617
50700
27783
50694
6448
6986
50777
25154
6812
19714
11293
7357
15135
19680
30085
11307
51068
17795
11370
34354
7320
15142
19763
51165
17698
15038
28084
5519
51086
28110
51112
34259
5943
4306
50699
16164
6432
18071
6868
18192
25159
16087
18006
6445
4371
16113
6965
25023
27717
50794
16069
27683
6912
34713
36027
26881
15491
30521
19324
20049
5053
17231
26915
15505
17246
26962
19353
30556
36050
15928
19229
15408
26818
15852
30876
51522
30801
34669
15825
5129
30995
10052
6196
6002
25944
4736
18441
16523
6075
25933
16979
10025
2247
18882
25849
16997
25587
18916
16803
27327
25464
16874
10128
18961
6178
26968
15578
30906
26532
15922
34719
26545
30971
5059
34663
15475
5123
19254
30426
19223
15402
34614
26986
16529
50337
18811
10058
16904
25514
6008
16890
10122
18531
16424
6172
25834
18888
18546
6091
10155
16809
28017
51015
5844
15148
51181
19769
11299
5833
34329
51062
28060
5513
17771
7227
15045
30061
51118
11277
5949
19787
34224
11200
17692
19613
7250
11394
15032
5564
17706
27667
18198
25153
6981
16119
6438
27784
50707
25124
27610
18101
6542
4276
16014
18095
6918
16180
4395
25029
16063
6535
27689
18176
18748
50034
25617
27123
4865
25660
4986
4448
50139
6392
10256
4968
16750
31040
18632
6271
10221
30628
17138
26646
15798
26631
7419
34517
15695
19120
30725
15701
17035
17042
5220
15776
30752
11544
34560
50404
27513
25227
27949
50829
4078
25250
27564
50473
16360
27844
4102
50953
50509
27469
18396
16283
18202
16317
27833
19589
17952
30218
17508
51282
51316
5689
19830
30315
19510
17405
11097
30281
34127
17591
11103
17828
15346
7124
17472
5610
19567
30362
16210
27934
4072
6746
18291
16384
12022
50479
27519
6731
16267
27943
18372
25357
27463
50574
27839
4108
50497
27580
50959
27414
7023
17575
51288
19460
11073
5683
34057
17958
17496
30212
19417
17502
5760
15236
11190
7054
51211
17822
17478
30368
17855
11109
19940
4818
10326
18735
6376
16620
16657
6301
25789
6295
27129
4881
339
4915
25767
6398
50133
25710
27024
11443
17145
5327
15671
7413
30655
19050
19027
34584
15606
17132
5350
15792
11434
17048
30758
51621
26741
34489
25895
10017
16485
25901
6047
10183
4773
18404
18473
4704
25976
6030
27218
18829
10060
18509
16588
18953
27362
16846
25421
27315
16831
50202
27281
50396
5182
26950
17274
15540
15537
26927
17203
5061
36181
30513
30949
19282
30487
15983
26593
30469
15817
51510
30844
51567
16121
4343
50748
27628
6594
25088
6400
16156
4334
25066
6920
25185
4239
27725
6957
19751
30154
15170
7312
7286
11342
1663
15093
28058
11335
17633
7365
34285
19726
5971
51120
28122
17749
7268
5892
11238
5906
27622
6850
50735
18049
4349
50742
27655
6507
16051
6493
50638
432
6570
18133
28052
51050
5801
17639
30129
5995
7318
5876
51027
11348
28025
17734
15000
7262
30024
5898
19621
15194
11232
34216
34261
11245
7381
19656
15077
17743
5521
18479
16936
2208
18823
18854
27265
25551
4779
10189
4797
50208
10167
18574
4603
25871
25806
10084
6140
4674
25992
10110
18959
18497
27368
17209
30519
30943
26577
15967
19288
30934
51417
15884
51583
17290
36112
30580
15430
26820
17304
5166
19211
36086
26599
15989
19266
26857
17373
15447
36165
5085
17917
51324
19458
17883
19996
15279
5758
51353
19875
34018
17960
30350
19555
5622
1584
7116
15374
11146
7082
11131
34115
7161
15303
17437
19522
34081
30327
16228
25381
6709
27521
4147
27801
16325
18230
50916
27995
6790
50961
4130
27876
16352
6604
19068
26603
51714
34428
26674
5368
36288
34552
5386
51619
19165
30760
15744
5212
17070
17007
11495
15733
19112
36385
11501
26779
16618
25652
27166
4857
27111
25625
4599
27085
6339
16681
10213
18794
4577
16715
31005
18600
18677
27188
6234
25728
10264
4494
51769
11406
34422
30784
19181
5362
11592
15634
30610
19015
30667
7421
15643
5315
17177
26609
11471
15739
19118
17199
26773
34558
26690
51787
5218
4593
18770
6333
50198
4407
16665
4470
6344
10280
18707
10314
18693
25658
16768
27016
25722
50101
10219
50176
25755
4927
27061
6249
7066
15204
5752
17530
19425
30220
11036
51359
11041
17889
19452
5725
51254
19972
17867
19891
5628
7088
51223
50866
18340
4037
16255
12010
25268
50985
4040
18337
50811
25312
27426
25286
6679
50546
50888
27451
25365
17762
5500
15056
7234
30072
19677
11264
28109
11213
17681
19600
30005
15021
11387
7243
17715
5577
11369
5599
51006
5857
7339
17618
5820
19699
51071
28073
18112
6551
16007
4265
18086
16193
4386
50619
6526
18165
27674
25140
6806
50763
6992
4368
50680
18068
27797
50714
25137
27603
15466
17352
26876
5130
19247
30442
30435
19230
17325
26801
5147
15411
51882
34607
36133
26995
15585
30881
20027
30915
15931
36049
15488
26898
30962
51441
30538
27349
10131
18978
18522
25827
6161
25850
6116
16440
4622
18555
10146
50229
25570
50353
50324
18802
16917
27233
16883
25493
18458
15841
51888
30812
15836
30986
17358
36034
30968
26892
15482
30532
51811
34694
19337
26906
5040
15561
17255
26971
19340
16984
18905
16810
27334
25400
25477
16867
27343
50254
6185
18808
10041
27239
25957
6011
16547
25499
16889
18425
16530
4752
25920
10036
26061
51176
11219
7249
28097
17768
30078
28103
26016
5950
19707
30102
15126
11280
17612
36404
19693
34330
28079
11314
5593
11363
34347
36473
17665
51198
5407
19770
25030
6976
27704
50787
27690
6895
18118
25047
6901
16199
16177
4315
18062
4281
27609
18181
18015
6998
6456
16100
4892
6268
4906
27040
25774
50157
10238
50120
25703
27037
16749
25697
10335
18726
6365
4451
4426
6312
6286
5239
51632
26725
26752
51645
19139
15718
11450
26628
5334
17156
7400
15662
19043
19034
15615
5343
36337
11427
25344
27470
50567
6658
50484
16379
27593
21101
25333
50830
18316
4061
16203
6755
18282
6722
16274
27950
18361
51202
34149
17831
26315
51396
30298
17846
19953
51275
17588
15252
5704
19473
30276
19829
11060
5690
34044
34033
30395
51378
17485
11017
30201
19404
17511
11183
15225
6625
4111
16373
27857
18266
50940
27599
4085
25339
18385
18211
4166
16304
27820
4188
27500
27494
16209
18288
25243
27577
50460
17416
11084
7140
15322
19497
17582
11110
19959
11167
5797
51208
34143
7137
15355
5603
34039
19854
51372
11189
5779
51291
15258
19479
51305
17936
10245
6381
16743
18621
4898
6262
16734
10232
6318
25790
50027
4876
27130
27147
4995
16639
34504
26758
11520
34490
30736
15712
5244
17026
5233
51638
11557
34573
5349
34409
26655
19049
4784
10174
27298
18567
16472
10097
16405
10103
16591
18484
27395
6029
27201
16925
10079
4689
50361
27276
18589
25542
16508
25918
17283
36101
19396
34635
30593
15423
5175
26833
51953
30470
5102
26844
34642
36176
51509
5078
51473
30950
34738
26564
15974
15903
51404
30927
15897
26949
18157
6514
16042
25008
6480
6939
16035
6563
27631
6843
25105
6419
50751
6834
25172
27646
5545
7271
15013
30037
19632
11221
26059
5968
11256
51139
19645
30040
7206
15064
5532
17750
28041
51043
34308
51034
28036
6933
27741
6569
25196
16048
6944
25002
50621
4350
6464
18027
6587
4327
16145
34278
51133
28131
5538
15019
26053
19742
30147
7301
15163
11351
11326
17620
7376
15114
30130
19735
6159
10109
27371
25445
25432
27306
16822
50211
25868
50385
16478
10004
25886
16496
18583
25548
16958
10190
6054
25912
18417
4717
16575
6023
25965
4683
10073
15990
26580
51497
15804
34648
51503
30820
51574
30857
17289
30599
15873
26839
15429
19208
34745
36071
5191
19372
5005
26943
17267
15553
15524
5072
17210
19305
30500
51479
17384
36006
30494
11128
19961
17874
7178
30349
19916
51230
15217
7075
17523
5741
19436
30233
34195
15383
34001
34076
11052
7196
17554
5736
7002
25301
27435
6789
50522
4129
27818
18229
50555
27442
25376
25398
18353
27962
16246
6710
27538
27881
50458
50996
27915
16231
4053
18324
50802
26760
26717
26683
30779
17087
11415
17113
15627
30603
19006
15650
7432
5306
34446
11462
27191
4519
50086
27005
25731
16698
27072
4934
27108
4580
18763
16676
4463
10293
6357
18714
16795
10307
4839
18680
34541
11565
30773
26689
15757
17063
17014
5276
15720
11486
30704
30690
34536
19095
26784
26610
51707
5298
11468
51770
19198
30609
16692
10200
27078
18787
16706
4564
6250
31016
18613
18664
6227
16771
10277
50118
10299
27175
4833
27102
4844
25636
50015
27096
50181
19546
17453
5631
7105
17809
7091
11155
11122
34106
7172
17424
19531
30334
19811
17890
7008
19985
17529
30239
51340
15389
19866
17973
27812
16336
4154
18223
50905
27986
27448
50891
50528
6783
50972
18254
16341
4123
6617
12009
50452
27545
25271
50808
18359
27968
27532
2528
50425
30573
19376
15899
17263
26947
15557
36075
30929
17380
15520
5076
19301
51827
30504
20082
15800
30824
15994
26584
17319
51570
19398
15877
10194
25916
16506
18413
18849
16492
18587
27278
10077
18464
16571
25961
18944
16851
27375
25441
10099
18569
50381
25436
27302
18933
50215
36445
11355
7291
28038
30143
15167
17653
15110
34292
30134
19731
11322
15084
7208
11258
28135
15189
51140
17729
5885
30039
27648
4354
16136
6460
18054
4323
16141
6583
4259
50652
25071
27745
27732
6940
25192
5982
34298
28045
11328
5816
5861
51030
28032
30149
11225
34201
5541
17723
34395
30033
19641
7202
15060
5536
17754
7396
11252
4329
6847
6589
50755
25176
27642
18029
27738
6484
18153
6510
4224
16046
16031
6567
18124
30954
36008
15970
15893
30579
51594
26517
51400
15427
17313
26837
19206
30403
17287
36105
19392
34646
36172
51957
30474
19271
5106
17364
26840
16921
27205
18834
4719
18419
16498
18843
25888
16956
27272
25546
18563
16476
6120
25866
18939
10170
10107
25985
18480
10093
4663
16401
18514
6769
50456
27541
50998
25275
27536
50421
25396
16248
27982
50895
27816
4150
18227
50901
50976
18250
16345
27861
4127
6613
6787
17894
19981
5738
17900
34078
19815
51333
51344
17977
15219
19438
26329
34175
7095
11151
17999
19542
7101
15314
17420
19535
30330
15280
11126
34102
10309
25645
6359
16678
50185
27106
4840
25632
50011
4560
6254
18617
16696
10204
25748
10273
6223
16775
50088
34448
51703
26780
34812
5308
15629
19008
17089
30799
26663
19172
30777
17067
26719
34545
11561
5391
11516
30694
34532
19091
17010
5272
11482
19105
18767
27098
6324
16672
25638
4584
16791
10303
4467
10297
6353
18710
27001
25735
10279
27195
50082
6229
16708
31018
288
50161
25742
18789
27076
4930
15623
11585
19002
11411
30793
19196
34442
11466
51709
19075
30670
15654
17160
51673
26764
34538
11488
26687
19178
15759
51604
25208
6680
50871
6763
27911
18320
50806
27885
25305
27431
50526
27988
27446
25372
16338
34005
15213
7071
5745
19432
30237
34191
30240
17550
15264
34072
51339
7192
17870
34108
17807
26323
51234
19548
17993
15369
4285
25139
16173
4311
27799
18066
18011
6452
16104
18185
16090
6528
50783
4388
25034
6972
27700
27777
25043
18088
6905
16009
30092
34334
11310
17782
19703
15122
7340
11284
17616
5474
5403
30171
19774
5597
11367
5859
5579
11389
26065
5923
34239
51172
51105
26012
5954
51091
19679
25953
6015
16543
4721
6181
10045
25509
16919
10032
18421
16534
25924
18901
10148
27330
16814
25404
6118
18895
25590
25829
16439
25473
27347
16863
18976
50250
30536
51815
19333
26902
17226
5044
15512
26558
34704
15948
26896
15486
51438
34773
17251
19344
34609
30861
26878
15468
19249
15832
27240
10038
18871
50357
6068
16549
18992
16887
25497
18806
27237
18526
16869
25479
10135
10142
6086
6112
16444
18551
30911
51432
15935
30885
20023
19339
15518
26908
15942
26552
30966
15462
19243
34603
26991
51548
15581
30431
19234
17321
15415
6996
27670
25133
6875
27607
16179
27793
18082
16197
6555
16003
4216
50789
6522
18161
4382
5409
28000
34349
5853
30098
5824
51075
28077
19709
15128
5490
11260
17766
5504
28099
19673
19604
11383
7247
17711
5573
30195
34233
5929
11217
17685
51178
26651
36339
51746
11429
17158
30648
51731
26626
19137
34494
15716
17022
34500
15682
34577
5237
15761
30745
50023
25600
27134
4428
4991
18728
4805
27143
25677
16747
6211
31057
18652
10241
4908
10236
50159
31020
6266
7049
17945
11019
19850
51376
51301
17932
17848
30296
17586
11114
19507
17412
11080
15326
7133
15351
5607
51398
30375
11163
5793
50849
27490
25230
25247
27573
50464
18318
27929
4081
6621
4115
27853
16377
18262
50944
18215
4162
16300
18381
50569
34040
17938
7034
15256
5700
19477
30205
17515
11187
34037
30391
17481
11013
51206
5799
11169
17835
19499
17842
19957
51271
30308
17418
27579
12035
16393
18312
4065
27923
16207
6751
6726
4012
27954
16270
18365
4186
4168
25340
50563
27403
25337
50480
27859
27597
18268
15666
11454
36333
34407
11423
15785
30635
15611
5347
17125
11559
26721
30738
17028
26756
15688
18722
6361
4455
16637
10331
6282
4878
16640
18755
4902
27044
25770
50153
4896
4558
25693
50124
27033
15434
17300
26824
5162
19215
36082
30410
11606
17294
51569
30584
34622
34655
15819
36161
5081
26853
5115
17399
26573
15963
26929
15539
19318
15880
5018
15914
34758
30930
51413
18570
16465
50398
25875
6133
4793
10163
10114
16586
18493
16848
25802
10080
6144
16412
4670
18507
25522
16932
27216
18827
50301
16568
6049
50376
10019
18850
16945
51159
15190
11236
5908
5552
7266
30020
19625
15073
7211
17747
15109
5991
28056
51054
5805
5872
51023
7288
28021
6503
4237
6574
18137
25068
25086
16158
27626
6854
50731
50746
25165
6823
6479
15079
5975
51124
26044
5902
34218
5558
5896
5878
34362
11346
51029
19755
30150
7316
17640
17637
5455
15103
30127
34281
19722
15097
11331
50641
25062
6953
25181
6829
6473
18047
6404
16152
4330
25118
6590
15813
51514
19268
26597
15449
34628
15864
51843
19365
17270
26954
5012
34752
51419
5186
17393
15969
36011
19286
26579
30483
34725
15533
17207
26923
5065
36185
19312
30517
51834
50271
16842
27366
25808
27285
6139
50392
25425
16835
18920
10169
50206
25905
6043
10187
16515
4777
18400
25891
10013
16481
10064
18477
16562
4700
25972
6034
18249
25282
27878
27422
50542
27455
25361
4149
50438
6693
50862
18344
4033
16251
27975
6707
4044
27902
18333
50815
12014
27558
17439
19976
17863
19901
11148
51227
7118
11032
15394
15200
5756
17534
19421
34182
5721
17543
7015
19998
15277
34061
17919
7181
4954
27012
50105
27186
18679
50091
4579
50172
18774
6337
4403
16661
50008
16782
10310
27168
18697
16616
6340
10284
18703
19088
26777
17009
26694
51783
26700
51617
5388
5366
17104
11596
30614
19011
17090
11402
19185
34451
11475
5285
19066
30663
7425
5311
17173
4573
16711
6247
31001
18604
50178
16685
10217
4929
10260
18673
16766
50075
16788
25656
27162
18709
27081
50196
25621
50002
19161
15740
17074
34556
5382
11505
34521
30687
19082
5261
11491
15737
19116
26607
51710
30669
26793
11408
50548
27991
50886
4143
16321
27805
18234
50912
18243
25288
4134
27872
6600
27428
6794
18339
50445
25266
27525
6699
50432
25385
50868
4039
11142
7086
19551
5626
17444
7112
15370
7165
5651
17433
19526
34085
30323
11135
34111
17869
30259
19992
17549
17913
19806
11038
17964
7068
34188
18091
50679
6888
6546
4272
16010
4205
16067
6531
4391
27719
18008
6985
27663
6811
25157
50774
16089
6866
25120
27614
50697
4308
27780
5483
11273
34257
5517
17775
7223
30065
19660
19617
11390
15036
5560
17702
19783
34220
30186
11204
17678
51011
36419
51066
28064
11309
7359
18535
6176
25830
10126
18918
6095
10151
25847
16999
25567
16977
18438
16894
25484
6198
18815
27224
16900
25510
15471
5127
26861
17345
34667
34610
26982
15592
30422
19227
26816
17332
15406
51421
30902
15926
30896
30558
34689
26541
51456
30975
18912
27323
16807
25417
18548
4648
25460
27354
16870
50243
4732
10056
6192
27259
18868
18432
16527
6071
15598
30872
30428
30991
51526
15821
30525
19320
17235
15501
34717
26885
15495
30908
36054
34760
15576
26966
17242
19357
51871
479
50790
18178
27687
50604
25027
27713
27764
6916
6882
4278
4296
4302
16160
6436
18075
18002
6441
4375
16117
18196
27669
16083
5930
19789
51161
11279
51116
5947
26001
7229
28080
19684
30081
11303
19710
11297
15131
5467
17672
7324
30162
11374
28019
34350
51625
15778
26745
34519
17141
5323
7417
19054
34463
36320
26648
15796
11430
19023
30626
15602
17136
5354
27057
4911
25763
4885
16729
6208
10258
25714
27020
6372
16624
10322
6291
25619
16653
4431
6305
51381
15348
19569
17826
17851
1995
51262
11099
5669
11077
5687
51318
17571
5713
19464
30216
19413
17506
5764
15232
11194
30382
34024
19587
17492
11000
19849
16319
25353
18398
27467
4098
50507
25324
21082
6638
27584
18295
16380
12026
50827
18301
27930
16214
4076
6742
6735
27947
16263
4001
18376
27489
50850
25229
30285
34123
19480
17595
51268
11107
19514
5663
15335
11093
7120
17476
19563
19939
11170
34154
19419
30388
19843
51365
51312
19834
34059
51286
5719
4092
27840
16364
4106
50957
50920
18206
27837
16313
4171
6645
25359
18392
16269
50594
27483
50400
27517
25223
50477
6748
19124
30721
34487
17031
34513
15691
11540
26738
17046
5224
30756
19153
26642
19029
15608
5329
26635
34469
340
6202
6396
10252
10225
18636
31033
6275
16723
50030
25613
27127
16659
25787
4982
6378
25664
10328
15605
5353
17131
30621
15791
51758
36327
34464
26638
11440
30656
5324
17146
7410
15672
51655
26742
26735
51622
18741
10325
6375
16623
25713
4961
27027
50130
6278
50147
10228
27050
51368
17495
5763
17501
11193
7057
15235
30211
19463
7020
15242
17576
11070
19839
5680
15338
19943
17598
17856
30288
17821
5619
18371
6732
16264
16213
27937
6745
50820
18306
16387
18292
25259
27583
27417
25354
27460
6648
51281
15248
17926
51315
19833
19844
51362
34029
11199
5769
34153
11177
5787
19564
7127
15345
17471
5664
7150
11094
15332
30316
19513
17592
19949
11100
34124
19487
16219
50470
18298
25253
27510
25224
50407
4198
27484
50593
6738
18395
27830
6642
18201
18276
27589
6635
4101
16363
27847
25329
4095
26632
19059
15678
5359
26645
5223
17041
15775
51628
11547
11530
36220
34514
26748
15702
17036
19123
34480
30726
4811
25663
16629
4985
6308
4866
27120
6272
18631
4888
31034
10222
25719
6391
10255
18078
27787
27613
50773
27664
25150
6816
4378
6982
50609
4396
4202
6536
6541
16183
18096
17608
30118
51061
28063
5830
19689
5847
28014
11379
51016
5589
11203
30181
34227
11397
17705
5567
19610
30062
19667
17772
5510
15046
7224
5484
11274
16907
50334
18812
16893
25483
18448
18986
25560
16970
27254
18545
16450
6092
10156
50239
18968
10121
27359
25837
6171
15498
26888
15956
26546
17238
30528
26531
15921
36059
30905
15401
30425
19220
26985
15595
34617
30808
19257
15476
26866
16520
4742
25930
18435
10026
10051
6195
18818
25489
18442
16899
6001
16557
4735
25467
27353
16994
25584
4638
16800
27324
25410
6098
19350
30555
17245
26961
5027
36053
34767
15492
34710
17232
26916
15506
30522
19327
15826
30802
51521
30458
30875
15851
36129
16084
18191
6446
16110
18005
6988
18072
16167
4305
6431
27619
6885
16189
27763
6911
25020
6966
27714
50603
27680
50797
11373
19760
17675
51188
15141
7323
15136
11290
7354
17602
19717
11304
28069
17796
19683
30086
30068
28087
51085
5940
28113
51111
51166
11209
5937
7259
50448
18334
50812
6777
27905
16221
27972
16256
4034
6700
50865
27528
27808
50545
6799
27425
25285
11042
17544
5726
15270
19451
19426
30223
34185
15207
17533
5751
15393
11035
19892
19906
17813
17864
51257
19971
11138
34088
18704
16611
4473
10283
4829
50078
10317
4590
6330
16666
18773
25756
27062
16688
50175
18609
50102
27015
4953
25721
17174
51689
5316
19061
30664
11472
34421
19182
11405
30613
17103
5361
15637
11591
17079
51784
26693
30769
26770
11508
27112
4854
25626
50191
27086
18779
10289
27165
10267
4497
50108
4959
18797
16682
10210
31006
18603
16716
4574
6240
19188
26677
30619
17109
51683
7428
5288
51717
11478
26600
36368
19111
5266
11496
30680
34526
19085
17190
11502
11575
34551
17073
5211
30763
27978
25382
18349
27522
27555
50818
4049
50538
6793
27875
6607
50962
18244
50915
27802
4144
27458
27996
17963
15399
19876
19801
51327
19995
17880
11132
19521
30324
34082
15300
7162
17434
5656
17443
5621
15377
7115
30353
19556
11145
7081
17819
34161
51414
30937
15913
15549
51580
19368
15887
34728
26574
15964
26854
17370
15444
51943
36111
30583
11601
17293
19212
36085
30417
15433
5165
26823
17307
27266
16942
18599
25552
50371
18857
16518
25908
10069
18820
25525
27211
16935
10087
6143
25805
4677
18494
10113
25991
2371
4794
10164
16838
25428
4600
6134
25872
27288
18577
15179
19758
51024
28026
5875
34318
5802
5996
5458
11246
7382
34262
7216
15074
5522
17740
19655
30050
34381
30027
19622
5555
17737
7261
15003
11231
15197
6824
27656
50741
50736
27621
6853
6409
25081
6929
18130
16025
6573
6504
4230
16052
18147
25018
5808
36426
51059
11336
15090
34286
19725
17630
7366
15104
7311
15173
17647
19752
30157
7285
11341
34365
19628
5891
15009
5905
26043
51123
28121
34268
6597
6403
4337
16155
18037
4340
25168
16058
25186
27726
6923
27751
6579
19315
51833
15534
5062
17200
5181
26509
36061
15919
26953
17277
15543
19362
15863
17299
19218
26829
26590
51513
15814
50298
4707
6033
25975
18470
10063
16948
25896
16486
6044
10180
25902
4770
16512
18927
50201
25422
27316
16832
25878
50395
16468
27282
6149
27361
16845
25455
50276
10119
19147
15766
34570
36244
15685
11523
15711
17025
5247
30735
34493
11459
7409
17128
30638
51741
15788
26656
6261
16737
18622
10231
27049
4978
50129
10246
6382
18655
16740
4802
4996
25793
18758
25607
27133
17838
34140
11164
5794
19577
30372
15356
7134
5600
17415
5677
11087
19500
11113
30291
19494
51292
17935
51306
19857
51371
19599
17942
17518
30208
27479
18386
16307
4165
50934
6626
16370
27854
4086
4068
50839
12038
25240
27574
27503
25237
50414
27497
18368
27959
7149
11119
51276
17845
17832
26316
51201
19927
30378
17468
30396
17948
34030
17512
5770
11180
19407
30275
7033
5707
34047
11063
5693
27590
50949
27404
25330
50513
16299
50564
25347
27473
18218
27509
18362
6721
16277
27953
16200
27924
4062
18315
16394
50469
12032
18281
51646
11529
26751
26726
51631
15616
5340
19037
30632
15782
11424
36334
34477
11453
17155
5337
15661
25700
27034
4972
25694
4528
18628
50154
27043
4905
25799
16647
4425
6311
27139
6285
10336
4808
6366
16630
4452
18725
6558
6902
25044
25033
27707
27693
50784
16079
16097
18182
25149
6455
16103
18016
18061
50689
4316
16174
4282
51096
5509
5953
34249
28100
51102
51175
17688
5924
15028
19609
34344
5590
11360
30176
19773
5404
15152
11283
15125
5473
17611
30101
11317
51078
17785
5829
34333
18971
10138
50257
25474
16864
25597
16449
25859
16813
27337
25403
18906
4751
16533
25923
18426
10035
16969
10042
6012
4726
16544
15835
51532
30811
30985
15418
26808
19239
30866
19343
15562
30888
26972
15938
26528
51448
15481
34703
36037
26905
51812
30531
18556
18898
25853
4621
16819
10145
6081
10132
6162
18521
16914
27230
25504
10048
18801
16880
25490
18995
25929
18876
25573
27247
26802
15412
30436
19233
26996
34604
51881
15848
34673
19244
30441
15465
5133
26875
51442
30961
15945
34709
5049
19349
26978
30882
15568
15932
30916
25039
4385
27699
18166
6552
18111
6908
50683
25134
4288
27677
6805
18188
25143
16109
6991
11210
19797
34234
26068
30192
11384
7240
17716
30006
30071
19674
17761
7237
15055
34243
5959
5497
51108
11267
11289
51072
28070
5823
5854
19779
15158
6780
25308
27866
16342
50971
18257
18220
50906
27811
16335
50892
27985
6719
25391
50426
27531
27546
25272
50451
27888
16238
34105
19968
11121
19532
15313
17427
7106
15364
30340
51239
11156
34172
5748
34008
51343
51334
17907
19986
15269
17893
6224
4510
16772
18667
27198
10274
16691
10203
31015
18610
4567
16705
6253
4589
50182
27095
16608
18689
25642
4830
27176
30707
5275
17017
11485
15723
34535
30693
26769
11511
11566
51609
5396
5202
30770
26664
11588
5378
15659
26787
19078
51704
26613
25745
27071
10209
50166
6259
50085
16778
27192
4940
25732
18717
4460
16602
10290
6354
18683
25648
16796
10304
4583
4417
50188
16675
18760
51603
34548
5208
26680
19108
26763
17189
15653
5305
30677
11461
26619
34432
19191
11416
30600
19005
17110
15624
50898
27441
25375
50556
25302
27436
16348
25296
25278
12000
27882
18327
50801
4050
27916
4027
27961
16245
6713
6687
19881
17994
19915
51233
34178
19962
19538
11051
19818
34075
15263
30247
17899
19442
34196
15214
5742
34002
11026
15870
30854
51577
17369
51494
15993
26583
30479
51500
15807
19306
30503
26937
17213
5071
36005
34731
30959
17387
34746
26940
17264
15550
30574
19371
18934
50212
27305
4619
50386
27372
16856
25446
16598
50265
25988
18943
16576
25966
18463
4680
10070
18839
27208
18580
25885
50368
18414
10193
6057
16501
5882
7278
11228
51147
51130
28132
26027
5961
34301
1673
15083
11325
28048
30133
34295
19736
17623
15117
7375
15160
7302
19741
30144
11352
34376
25195
50622
6489
25001
6947
6930
27742
6584
27638
6410
16146
4324
25098
18053
16131
4353
7391
28138
11255
34271
15067
7205
17753
19646
30043
30034
5888
34392
17724
15010
7272
11222
7308
11358
5866
15089
28042
51040
30139
17629
18123
4254
6560
6517
4223
18154
6483
50628
4359
25171
6837
27645
50752
50725
27632
6840
25092
18059
26847
17363
5101
15457
26589
15999
34641
36175
19395
30590
34636
17280
36096
19201
30404
15420
26830
17314
5198
36078
15894
15977
19298
30953
51470
25816
6150
10094
16406
4664
18487
27378
18949
10100
16592
50218
4787
10177
16471
25861
6127
27275
25541
50362
18844
4769
10199
18469
27396
18833
25536
16926
