BRMB_ID
30079
51094
17769
5951
28102
11218
7248
5592
1634
5406
17664
5471
17613
11281
15127
30097
36405
6894
18119
16198
6900
25046
27705
50612
27691
50786
18180
16101
6457
27608
4280
15837
17359
15840
5036
17254
15560
30969
26893
15517
5041
26907
34695
50255
16866
25476
18890
25401
16811
18904
10037
6184
10040
16888
25498
16546
6010
25956
17324
19231
30434
15584
3440
26994
34606
30819
19246
5131
26877
51440
30963
26557
30880
36048
16441
6117
25851
50228
10147
10130
27348
6160
18523
18803
50325
18459
25492
16882
17680
11212
7242
15020
30004
7235
15057
11265
5821
5856
5598
28005
51193
50618
16071
4264
16006
18113
27796
50715
50762
25141
4369
16735
4899
18620
18657
27146
16638
4994
27131
30740
15764
17050
5232
34572
15687
11521
26759
15713
26623
15669
26654
27821
4167
50936
27598
18267
16372
27856
4110
6624
16208
50461
27576
25242
25235
27495
34142
5796
30370
5602
11085
19502
30307
11111
17583
19496
30293
19478
51304
17940
5778
11188
27592
16378
50485
27406
50566
25345
4183
18360
6723
6754
18317
16396
19508
17589
51274
19952
17830
26314
17484
51379
30394
34032
11182
5772
30200
5691
19828
27036
25702
50121
25696
10239
50156
27041
6313
6287
10334
16632
6364
15719
26724
34578
11426
36336
36341
26629
34475
11451
19042
15663
5335
50210
27307
25869
6158
18941
6022
4716
10072
4682
16959
25549
10005
18416
4761
6055
30598
17288
30856
51575
19209
26838
15991
30821
15805
30501
17211
30495
36007
51478
36070
26518
34744
15552
17266
5004
50620
25003
6945
6932
16144
4326
18051
6465
16133
25179
5880
26052
7399
51132
26025
34279
5963
5539
34303
5819
51048
30131
15162
7300
19743
6938
18121
4256
16043
6515
18156
6481
16139
27647
25173
50750
6418
11257
7207
19644
19633
7270
5544
11220
15168
19749
28037
5813
28040
5987
18511
16404
4666
6152
10096
18485
16590
10102
4785
25863
6125
18566
25543
18588
50360
16509
6028
27394
18831
10078
5103
19274
30471
51952
34643
30592
19397
17282
19203
26832
5174
30926
51405
26948
51591
15558
34739
51472
11123
34093
19530
17425
7104
15366
5630
30342
11154
51336
17905
7009
6782
4122
16340
18255
50904
18222
27813
50890
27449
27969
25393
27533
25270
50453
50809
30705
15721
34537
30691
11564
34540
5200
17062
15756
30608
5299
26611
6226
50119
4486
10276
18786
27079
287
16693
18612
31017
4565
50014
27103
27097
10298
17068
26682
26761
11519
17165
7433
15651
34447
19193
34430
30796
19007
30602
15626
4935
18618
50113
25730
10292
6356
16600
18681
16794
4581
27109
6321
30348
51231
11129
7179
34077
7003
17555
30245
34194
5740
11024
18228
27819
50523
6788
4128
25294
50459
27880
50803
18325
27914
6711
16247
18352
25399
6685
27539
11298
5468
28061
5845
28016
15149
11201
34225
30017
7226
17770
5948
11276
27785
6439
25125
4299
27666
16118
25028
4394
18177
27688
18094
6919
30970
26544
15954
19358
26969
51424
15403
30427
34781
15597
26987
34662
30450
19255
5122
15474
25515
16905
27221
10059
50336
25481
25562
18547
6104
18889
16808
6090
10123
6173
30557
30899
17247
26963
15573
15490
26880
34712
19325
51523
30994
5128
15409
19228
15853
25932
6074
4740
18437
10024
6197
4737
25945
10129
27351
25465
6179
25586
16996
25848
16802
27326
18917
34355
11371
5462
15134
11292
19715
17794
30084
5838
5518
51087
28085
26004
34258
5942
51113
28111
5935
15039
25158
18193
6444
16165
50698
6869
4293
6549
6913
27761
27716
25022
50601
27682
16068
50795
6300
27128
10327
4819
16621
18734
4963
27025
6399
25685
4880
50145
27052
17133
15607
30623
11435
15793
34466
11442
19051
7412
51620
27518
18373
6730
6747
4073
16211
50478
16385
18290
27581
4109
50496
27462
25356
17497
11191
7055
15237
5761
17503
19416
30213
19461
7022
5682
11108
19941
51384
17479
27565
27512
4174
16316
16361
51283
11078
51317
5688
51360
17953
17509
34151
17829
5785
11175
19566
15347
11096
5666
17404
30314
11102
17590
34126
4813
4449
4987
4864
27122
25616
50035
16726
27058
4969
6393
50138
6207
26630
17139
30629
26647
19156
30753
15777
5221
11532
15694
18855
4778
18478
50304
18822
27213
16937
4675
10085
6141
10111
25993
4796
6136
4602
18575
5189
51416
15911
51582
15885
30518
15966
26576
19267
15988
5084
34627
19210
17305
15431
4348
25160
50743
27623
18048
25083
6571
433
4232
18145
5800
51051
28053
15098
30128
11244
34260
5520
19657
34383
5899
30025
5557
17735
34217
11233
27629
4335
16157
6401
18042
6476
4342
16120
25184
6498
6956
25010
27724
27753
25067
11334
15092
7364
15106
17645
7313
30155
7287
5893
7269
5907
51121
5970
17748
6031
16567
10061
50379
10016
4772
6046
27314
27280
18508
51831
36180
19317
5060
34720
36014
26951
17275
30565
36119
30845
51485
26592
15816
19809
7184
34064
19453
30256
30221
34187
19424
5753
34013
11037
5629
17985
19904
17811
17866
19973
51255
27893
12011
25364
27450
50889
27427
16359
17176
15642
19063
26608
30785
34423
51768
19014
30611
11593
5363
26705
5219
26691
26772
6345
10281
16613
25659
18692
10315
50199
6332
6248
50094
27183
50100
34429
11599
19069
26602
15732
17006
19087
30682
11500
17192
5213
30761
19164
50007
25624
27110
4856
6338
27167
4821
18698
6235
31073
27189
10265
18795
10212
16680
18601
31004
6242
5759
34019
19803
17916
15278
30326
34080
19523
7117
19554
11147
34163
25380
50437
27520
25214
25263
16229
16353
4131
50960
50917
27994
5659
19974
19559
15378
19879
11030
5754
15202
34180
25280
27999
16329
25219
6691
18346
50860
16253
27977
4046
50817
18331
27894
26775
5269
11499
26702
15632
36284
11400
17092
19187
34424
30782
34453
5287
11477
30661
17171
15645
4956
10268
50107
4498
27184
16719
27067
18798
27089
18776
4401
6335
25629
10312
6342
10286
16614
18701
19163
17076
15742
11507
17195
15735
5263
34459
5319
4571
18606
10215
18792
4492
10262
50099
6232
50077
10318
27160
16669
25623
4851
50000
11140
7084
3322
19553
7110
5624
1582
17446
5653
17431
7167
30321
51258
11137
19990
17911
51322
7189
51355
27993
4141
50910
4136
16354
50447
27550
27527
25213
50430
25387
16259
10161
18928
4791
25994
10082
6146
18505
16930
27214
27380
4708
18852
25557
27263
17302
26826
36080
11604
36114
36163
34657
15441
5117
51488
15882
17278
51411
27729
6495
16057
25084
27624
50733
50744
25167
15192
7264
5550
19627
34384
19650
17745
15071
34289
5807
51021
30158
4248
50643
27754
6926
25183
4345
18045
4332
6406
50739
6592
7219
26031
5977
51126
26046
5900
5894
19757
15101
17635
19720
5999
34317
50273
16840
10088
4678
27287
16837
27313
18922
16517
4775
10011
27269
10066
50309
18475
25970
16560
15811
51516
17308
30418
30842
51841
17272
26956
5010
36064
34750
17391
30481
34727
36013
17205
5067
15531
30515
36187
25761
27055
4913
50142
4964
18733
4444
27158
10320
51627
11548
26730
17039
51650
17143
19056
30653
34461
34582
5356
25351
25326
27412
27848
27586
18297
16382
18303
16216
4074
27945
7128
11178
5788
26300
17853
19488
51260
19946
5685
11075
5711
15247
19466
11196
5766
34026
17490
4090
27418
16366
50955
18204
4173
18390
16285
50596
27481
50402
27515
16388
27938
19482
34121
11105
17597
30313
15337
11091
17403
5661
5616
15340
7122
19561
7058
19841
17579
6200
25688
10250
50148
6277
50032
6299
4863
25666
4814
17033
5251
15707
34511
15693
11542
15770
19151
30754
36328
30659
26637
11271
34255
28088
5515
17777
30010
19615
7256
36516
51169
17694
11206
5842
34358
17799
15139
18107
4270
6533
50798
4393
6449
25155
50776
50701
27616
6864
26863
30457
19252
15829
26980
19225
26814
51423
15924
26534
20032
26919
15509
30977
6174
25832
25468
10124
6103
18540
27251
25565
10029
16558
18817
16902
34618
30870
15479
30993
19258
30807
15823
30527
15503
5055
17237
36021
15959
26549
26887
51429
34762
5022
15574
30550
10159
27321
16805
18884
16991
16428
25838
27356
18989
6004
10054
6190
16908
10023
6073
25935
11398
5568
51114
28116
26003
51080
28082
34325
30083
17793
11301
5465
17607
11295
7351
15133
17670
11376
51019
34352
6539
6914
6880
4294
6434
4300
16162
27788
16115
18194
17896
19860
11029
17975
7079
11153
30345
7103
15316
30332
34094
11124
17878
18328
50454
25277
27543
6688
4028
50897
16330
27814
4152
50903
25299
6611
26616
30678
51695
11419
36309
17065
5393
11563
30696
15726
11480
5270
19107
30702
16799
25647
18718
27090
25630
6256
18615
50169
10271
18662
16777
11587
19000
30605
11413
34437
5294
26788
30672
19077
17162
5300
26766
19099
17018
30708
51792
11569
5399
18765
16670
4848
10301
18686
10295
18712
27003
4945
50114
18668
27197
50080
27074
25740
34007
17525
15211
7073
30235
34193
30242
15266
7004
17428
19967
17805
51236
19910
19884
7109
6682
18355
6716
16240
27964
4022
16237
27913
6761
50804
18322
27549
25293
27869
50909
4766
6052
18411
16490
10002
25880
18585
10075
18466
27399
6025
4711
18946
189
18488
25819
6128
27300
25434
4788
30571
5003
36077
34743
30492
36000
19303
15802
26586
15996
15458
5179
51572
15875
6838
16134
4321
6581
16039
50650
27747
6518
36447
51038
11357
19744
17651
30136
11320
36430
34304
19649
26022
28137
26055
5549
5887
27640
6468
6948
18151
16044
6565
4251
18126
25079
5814
5863
34379
11227
17721
30031
26028
11250
27207
50310
18836
27393
25969
6058
18841
10008
25544
27270
18561
6122
25864
50389
4782
10105
25987
25449
4661
16403
10091
18516
51475
30956
17388
15972
26562
51596
5009
30921
17311
26835
30401
19204
51578
30595
36170
15808
5090
5104
50021
25602
16648
4993
6369
4807
27141
4527
25778
18627
26653
5338
34478
26624
34496
5242
15714
51649
11526
15680
34575
15763
5235
27506
50466
6759
4083
4117
27851
16375
18260
18217
4160
16302
16296
30399
19852
34048
19491
34132
11116
51279
17584
30300
15324
17410
5605
17467
15353
30377
19928
6753
16205
16272
27498
12040
4184
27476
50516
27401
6629
27595
5696
5702
7036
30207
11185
11011
17483
51390
19922
17837
17840
51273
19955
5678
11088
4999
4457
16635
6363
10333
6280
50151
16738
25691
50126
10249
27031
25705
15664
5332
17150
11456
34472
26659
36331
15787
30637
5345
26723
15769
19148
30090
34336
11286
17663
5401
28008
5595
34341
30009
19798
51107
5498
28105
11268
26010
5956
51093
7238
28091
4313
4364
27702
25036
27775
6893
4269
34692
26894
5031
15567
30543
51860
19346
15847
26999
30814
15830
16541
25951
50328
6183
10047
10030
6060
16536
25406
16816
16982
27345
30913
26527
34698
15940
26870
30444
19241
26993
30869
19236
30433
17323
5141
27242
16966
25576
50355
18429
4729
27235
16911
25821
6167
10137
18909
27338
16446
25856
16988
18553
30179
5826
11318
51077
11262
34246
5506
19671
30074
30003
19606
17713
5571
30197
34231
1743
17687
11215
6800
27672
16098
50712
50686
16195
6899
18114
16001
4263
16076
4214
4380
27708
51647
34498
36342
15660
17154
30633
5341
15617
36335
11425
15783
25776
27042
50122
4973
27035
4809
10337
4453
6367
6310
25798
6284
17833
26317
30379
51277
19951
11118
51299
7032
15250
5692
34046
34031
30397
17487
11181
5771
17513
27472
25346
50565
16298
18219
50948
27591
50512
27405
27925
18280
50468
12033
16395
27508
27952
18363
11086
15320
17414
19495
30290
11112
34141
17839
5601
30373
19576
19598
5698
17934
4113
50942
18387
27478
27502
50838
27575
25241
12039
15684
34492
30734
15710
15767
5231
11555
26657
15789
11458
26620
7408
50128
18654
18623
4554
6260
27048
18759
25792
4874
25606
4803
18110
4267
6909
16191
4384
25038
16072
18167
27698
25142
6804
50761
6429
27795
27601
25135
6873
7236
17760
19675
11266
5958
30193
34235
19796
17683
11211
30007
17717
15023
28006
11288
34338
5822
28071
51073
25825
6163
16442
6114
18899
10144
6080
16818
16538
27246
18877
10049
50326
27231
18994
25491
16881
17350
19245
19232
30437
15849
34605
15587
15569
26979
19348
26554
34708
30960
51443
5048
25402
27336
27341
10139
10043
16545
4727
6013
10034
19238
26809
15419
15843
30867
30810
51533
15834
34678
34702
34696
5042
19342
26529
15939
27706
25032
6974
16078
27692
6559
6903
27771
16175
50688
4317
4283
25148
18183
18017
16102
4360
6454
30199
26063
5925
51097
5508
5952
34248
30100
11282
5591
36471
17667
30177
25303
50557
27440
50899
18351
27883
50994
27917
16233
4051
19539
19880
34179
7099
17521
5743
15215
30231
15381
11050
19819
19443
17898
30246
7000
17556
27193
16779
50084
4941
50167
27070
4936
25744
6258
18761
6322
10291
6355
16603
26762
34549
26681
5209
11417
17085
34433
15625
17111
5373
19004
36293
30601
30676
17166
5304
15652
7430
26618
11460
2060
16690
18785
6252
4566
31014
16773
6225
10275
27177
25643
25634
4588
51608
5397
11567
5203
15722
11484
30706
26768
34534
26786
51691
26612
34439
5379
36299
16334
4156
50907
18221
27984
6781
18256
50970
27867
4121
50450
6718
27530
50427
17451
5633
34173
11120
34104
15312
7170
19533
17906
19449
51342
34009
30591
5177
26831
36097
19200
15998
5100
26846
17362
34640
5094
19299
5199
30925
15895
51592
50219
4786
18565
25860
10095
25817
16593
10101
25983
18486
18468
27203
16927
50314
18832
18845
4768
15011
5547
17725
34393
11223
11254
30042
17752
1696
7204
28043
15088
5810
5984
5867
18155
4222
16040
6482
4255
6841
27633
25093
4358
25170
26026
28133
30048
7279
34399
11229
5917
7303
15161
7297
34300
17622
27743
25077
25194
4228
6946
27734
6466
4352
18025
6585
16147
20110
17368
51576
30855
36109
34747
19370
30575
15551
51598
5070
26936
17212
30502
30958
25989
50264
16599
25447
27290
50387
10006
18581
25910
6021
16577
27209
10071
4681
26644
51724
15679
34515
36221
11531
34481
5222
19155
11546
27121
4867
25662
4810
16628
6390
10254
25718
18647
4889
18630
17950
51363
5768
11198
51280
19832
51314
19512
7151
11095
5665
19948
11101
5786
34152
15344
19565
4199
27511
6739
50592
16218
27566
18299
4100
18277
18394
18200
6643
16315
27831
15243
7021
19462
19838
34055
34022
30210
15234
11192
5762
17820
5618
15339
30289
19942
18307
6744
27936
16386
4193
16265
50598
6733
25355
6649
27582
27416
26639
7411
17147
34586
15790
5228
51623
26743
51654
25668
10324
4437
18740
6297
27051
50146
27026
25712
4304
16166
27618
18190
16085
6989
4373
6447
50602
27715
25021
50796
6884
18109
6910
27762
5461
11291
15137
11372
34356
7322
5936
11208
51167
28086
51110
28112
10050
6194
18819
27228
4734
16556
6000
25931
16521
10027
18880
16995
25411
27325
16876
27352
25466
18539
34711
30523
5051
26960
30554
19351
51899
15850
30997
16971
18864
50335
18987
25482
18969
10120
18533
25836
16426
16451
50238
6093
30890
51427
30904
36058
26530
30529
30809
34661
17343
15477
19221
34782
51907
30424
5156
26810
15594
26984
50691
6860
16016
6540
27768
18097
16061
5846
7225
5511
17773
30063
11275
34226
30180
11202
5566
50443
12018
4048
18348
25383
27979
27523
25217
4145
27803
27997
50539
50963
6606
4132
11049
19800
17881
7019
15398
51351
17962
5620
17818
11144
11133
15295
5657
17435
30325
19520
10288
25627
27113
50004
27087
50190
10211
18796
27069
6241
4575
16717
18602
31007
6236
4958
4496
10266
7429
26601
11479
19189
34550
36264
11574
26698
19167
15746
11497
5267
17005
19110
17191
19084
34527
30681
27119
18772
4405
6331
6346
10282
4472
16610
10316
50079
18691
27180
25720
27014
50103
16689
4925
27063
11404
30786
11590
51688
5317
34457
11473
26771
51611
18342
50864
4035
27529
6695
50449
27904
6776
50813
27424
27809
25367
27453
15206
34184
30222
19427
34067
7187
15271
11139
17865
34089
17448
19893
19907
36060
5180
26952
17276
5014
17201
15535
51832
19314
26591
15981
51486
5119
17298
26828
19219
16487
25897
16949
18592
4771
6045
18471
6032
16564
4706
10062
6148
18951
50277
27360
16833
25879
30156
19753
17646
15172
7310
15091
11337
15105
34287
5973
15008
5904
6475
16123
4341
18041
16154
27750
16059
6955
28050
5459
28027
17736
5554
19623
11230
26048
34263
11247
7383
19654
27620
50737
6408
16129
50740
16053
447
6505
6928
26575
19369
51581
15548
36110
26822
17306
30416
19264
26855
17371
27210
16934
4698
10068
18821
50370
27267
25909
16519
10165
4795
18576
25873
16463
25804
10086
6142
25990
10112
34629
51515
15812
51481
26858
15448
34724
26578
15968
5064
17206
5013
26955
51842
51418
5187
34753
6138
4798
25453
50270
25809
10065
6035
4701
16563
16514
25904
5903
34219
26045
5897
51125
30126
7360
15102
17636
11330
51028
5879
17641
7317
6508
25180
16029
27757
50640
4331
6405
547
18046
25119
11240
19624
30021
5873
51055
6575
6496
4236
6822
16159
25087
6855
25113
27627
26825
30585
19380
36117
51568
5019
15881
51412
30931
34759
30488
26928
18492
25459
16587
10115
4671
16413
25803
6132
50399
16464
18571
10162
4792
25554
16944
18851
50300
27217
16569
6601
16357
18242
50964
27429
50887
27990
50549
50913
18235
16320
50433
27524
25210
25384
18338
25267
15306
34110
11134
11143
7087
34167
15371
7113
1581
17445
5627
19550
19870
34189
7069
19993
30258
19807
17912
10261
18672
18605
16710
18791
4928
16684
27080
25620
25657
16789
50074
19083
30686
17196
15736
11490
17002
5260
17075
5217
15741
30765
11573
34557
51766
26792
27064
4922
25727
27013
4955
50090
18678
27187
27169
10311
6341
10285
16617
6336
4858
51782
26695
5389
26701
30718
17008
5284
11474
34450
17172
5310
15646
30662
19067
19010
11597
17105
34427
50543
50814
18332
27903
4045
16250
4032
50863
11149
17815
26331
17862
15298
19977
7014
19999
5720
7180
17918
11033
15201
7063
6883
18179
478
25026
6960
16116
4374
6440
16082
18197
4297
16161
5946
11278
51083
30019
19788
5931
30163
7325
17673
30080
34326
19685
11296
19711
4649
27355
16871
25461
27322
16806
18887
6007
6193
15820
15599
30553
51870
26967
15577
17234
26884
34716
10150
16998
6100
6177
10127
16895
4739
6199
50345
25566
15593
30423
19251
26860
5126
34666
34688
30974
15950
30903
51420
30559
17249
6530
16066
50678
18090
25121
6867
50702
27781
6810
17703
5561
19616
36515
34256
11272
5482
7222
28065
7358
51184
51010
28012
30757
5225
19125
51659
34512
5328
26634
26643
15609
19028
25768
4540
18637
10253
4983
10329
25665
4817
27151
4860
25612
50031
25786
5615
17477
7121
15343
34155
26309
19938
11106
51269
17594
34122
30284
11092
5662
19515
30310
34058
17920
19418
17957
30389
6644
27836
16312
50921
18393
25358
16365
25255
27482
50595
25222
27516
50401
5668
11098
19568
15349
17827
11195
15233
17507
19848
34052
5686
5712
15244
25325
27411
4099
27585
27466
18399
27488
16262
6734
25228
16381
27931
34518
26744
26733
15779
15797
5355
17137
15603
30627
19055
15674
34462
6209
27021
10259
50141
25762
27056
4884
25618
6304
4430
16652
6373
4989
18730
10323
17268
51595
15892
30922
15971
36009
15451
26841
5107
19270
19207
26836
15426
34630
30858
17286
16957
27273
25889
27204
25530
4718
10106
10092
18562
4781
5983
34299
5817
11329
5537
7203
11253
34200
11224
19637
30032
34394
17722
27643
25177
50754
4328
25094
6588
27634
4252
4225
18152
30135
34293
15111
34307
28039
5884
7209
11259
28134
26021
6416
16137
25007
25193
18158
27744
30491
34737
17381
30505
26931
5077
5000
30928
5194
30408
17318
51571
30825
5099
15801
36179
15995
10076
4712
18465
18412
4765
10195
6051
27279
50214
27303
27374
50263
4668
18321
4056
50993
27884
16243
27967
18356
27989
16339
50527
27430
25304
7007
19444
30241
11057
7193
51338
34073
34004
34190
30236
19433
5744
7070
51235
26322
34109
10302
16790
18711
10296
4466
16673
4931
27077
18788
25743
50160
10278
50117
27000
6228
5297
51708
34443
5303
19003
36294
30606
11584
15622
34434
15758
51605
34539
26765
27093
50010
4841
27107
27170
6358
10272
4516
16774
31013
18782
16697
15628
26662
34449
26615
5309
36207
30695
11483
5204
17066
5390
11560
34544
26718
25397
25274
27540
6612
16344
18251
50977
6786
25379
27983
50900
4151
27817
17976
19439
19980
17895
51332
34079
30331
15315
34103
11127
15281
11150
26328
17998
27606
6874
25132
50711
50766
6803
27671
4217
16075
51074
5825
30099
15129
5408
28001
7246
30000
19605
11216
5928
30194
11261
19672
30077
28098
7231
25496
18993
16548
27236
16912
18807
50356
10039
27241
10143
18550
16445
6113
16868
26909
15519
19338
30967
26553
15943
51433
30910
5038
36136
26804
17320
30430
19242
26873
17357
34675
15839
3433
10033
25925
4757
4720
16542
6014
25952
16918
25508
6180
10044
25828
18977
16862
25405
18900
10149
16981
19345
5032
26974
17250
15564
15513
26903
19332
34691
30537
15487
26897
15949
15469
51534
34608
15844
5148
4367
6453
16091
6809
25138
4284
27798
4310
6904
16008
50782
27701
6973
19775
30170
5402
5858
5596
17783
11311
34335
30093
11285
15123
5955
28106
19678
51090
28092
15059
11388
5578
51173
26064
15784
11422
36332
17124
30634
19046
17153
36345
34471
17029
30739
15689
26720
11558
4879
6283
50028
6317
16641
4454
10330
27032
25706
50125
4559
11186
30390
17939
34041
11065
5701
7035
51270
17843
19498
17419
30309
18364
6727
27578
27922
4064
18313
50835
18269
27596
27858
50481
27475
25341
51377
19851
30374
5606
7132
34146
5792
30297
34131
15327
11081
19506
16398
50465
18319
4019
25231
16301
18214
16295
50568
18380
27408
18263
16376
4114
6620
17159
51730
11428
51747
36338
26650
34598
34576
30744
5241
34495
19136
15683
11525
18729
25676
4804
27135
50022
6289
4429
50158
10237
4909
16731
4553
6267
18624
25698
18653
31056
6210
16746
4524
27038
10240
6384
17553
19988
30243
11055
7191
17909
19431
30234
7072
15210
5746
17524
11158
19911
51237
17804
19885
7108
17429
18323
6760
16236
27912
27548
27886
4023
27965
6717
25371
50908
27868
25292
50525
17163
19076
26789
30604
5376
30790
19195
51793
26684
5398
51607
11568
26767
18687
16792
10300
10294
6350
4413
27075
50115
4944
27002
27196
18669
26617
17169
26783
30703
19106
5271
11481
15750
5206
19171
30774
11562
34546
27091
4843
4834
16798
18719
10270
16776
18663
31011
16701
50168
17974
17897
30249
19536
34095
34101
11125
11152
7102
6689
4029
25395
18329
25276
4124
6610
18253
6784
27438
50896
50558
4153
27815
6059
50366
10009
18837
25532
16922
27206
25968
16578
27392
25448
25986
10104
18517
10090
16402
18560
51597
5008
30920
51403
34748
17389
51474
19308
15529
15809
5105
19272
19205
17310
26834
5172
30594
17284
51579
25175
27641
27636
6844
16032
6564
25078
6949
6513
16045
4227
51033
28031
5981
15063
30047
7395
11251
26029
34202
15180
11226
30030
19635
17720
7276
25108
18020
4357
6943
6519
16038
6934
30137
19732
17627
7371
36431
15087
11356
5868
15164
17650
5912
5886
5548
19648
28136
10074
16928
4710
6024
27398
18467
6053
6129
50216
27301
27376
18489
50261
18947
25818
36001
26569
30493
19302
26933
5075
17260
30570
5178
34638
15874
30850
51573
51504
6281
18756
16643
4421
6315
6362
16634
4998
10332
25690
25704
27030
10248
27047
4901
25773
4895
11420
36330
17126
19033
30636
5333
11457
5249
34509
26722
19149
15768
27499
6725
16273
25239
12041
16390
12036
6752
27400
50517
6628
16309
27477
5774
11184
30206
19403
17482
19859
34043
5697
19474
30271
51272
17841
34139
11089
5679
26312
17836
50467
25244
6758
16279
50410
27827
16303
18216
16297
25349
2410
4082
18261
27850
16374
4116
19824
5709
51296
30398
30376
7130
5604
26318
34144
11160
19929
17585
51278
11117
30295
34133
19490
17411
15325
11083
7147
30301
6368
4992
10338
4806
25674
4871
16649
10235
6265
6212
10242
26625
34479
26652
15618
26728
19143
5234
15762
17021
19134
34497
15681
34503
7349
30178
17668
7244
5570
19607
30002
11214
17686
30196
34247
5493
11263
30075
19670
50713
27790
4318
50687
18018
16099
6801
25147
4215
16077
27709
4381
18081
6556
4262
18115
34699
30965
15941
26551
26526
30912
17258
26992
34600
26806
30432
19240
30445
15461
26871
17355
36143
16884
27234
16910
6188
18805
25577
27243
18428
27339
10141
18908
16989
16447
50259
10136
19347
15566
5030
26901
34693
19330
15485
34707
26998
15846
30438
18878
10031
16537
6061
18455
6016
25950
4722
6182
10046
50329
50253
27344
27333
18896
30172
19777
5594
28009
11364
17781
30091
15121
17615
26011
28104
11269
5499
7239
51092
30008
5920
19799
6451
18012
16093
4312
27774
25040
6971
25037
27703
19525
34112
15290
11136
51259
11141
7085
1583
17447
17989
51354
19991
7188
34068
16355
6603
50966
25368
27992
27806
27526
6779
25265
50446
30684
34522
17000
5262
15743
17077
26709
34555
51713
5318
34802
51687
10263
6233
50098
18607
6244
25758
16686
10214
16668
50195
27082
25622
10319
6349
51780
26697
19168
26703
26774
34528
11498
11476
51719
5286
34452
7426
17170
5312
19012
5365
11595
34425
16718
18799
27066
10269
4957
27185
16781
10313
6343
10287
6334
16662
18777
27088
25628
5658
51253
5722
15274
7182
34015
15397
34181
15203
7061
5755
27998
25281
27421
50816
27895
25218
16252
4030
50861
50391
50205
25426
27365
25451
18954
4679
10089
50308
10067
25971
18474
18403
6040
16516
30834
15810
36012
19285
34726
30480
17390
36186
19311
15530
5066
17204
26920
5011
26957
15547
51840
19366
5185
34751
6950
25016
25182
4249
6927
25061
27755
50642
6407
4333
18044
6593
50738
4344
5901
26047
15199
5895
17739
7218
11248
5976
26030
5998
34282
19721
5456
17634
15094
28028
7281
11345
34361
30153
18134
16021
6577
6494
6500
6820
25166
18039
4339
25085
6599
27625
15070
19651
11242
34211
11235
34385
30023
15007
51020
5871
34288
5992
11338
28055
51057
18504
10083
6147
25801
16411
6130
4790
10160
18929
27262
18824
50302
27215
4709
27381
34656
36162
5116
17374
26850
15440
19216
36081
5161
17303
26827
36115
34621
11605
30569
51410
15917
26570
36018
30944
50149
6276
18635
25689
6201
27029
6395
10251
4981
18738
25667
6298
50033
4438
30755
5227
17045
15706
5250
30722
11534
30658
17148
26636
51756
26641
36329
34589
27834
16310
6646
16284
27419
4105
16367
16389
27563
27939
50859
27514
50403
15341
17475
11173
11104
34120
19483
17402
11090
15336
30312
19517
17922
51311
17578
7059
19840
11009
17955
27413
25327
18278
25350
27464
18375
6736
16260
27569
4075
16217
1996
30318
7129
17825
5789
11179
11197
7053
17491
19584
34050
5684
15246
5710
4965
27023
50143
4912
25760
4886
6292
6306
4445
18732
10321
27159
17038
26746
11549
15795
5357
17135
30652
5320
34460
26002
28117
51115
19669
51081
11399
34229
30161
5849
51018
11300
19687
30082
15132
11294
7350
17606
27767
18098
16019
6881
27684
6538
50793
25024
6442
16114
18001
16080
27789
16163
19259
15478
15822
30871
15855
5159
34763
51428
30551
15575
26965
26912
5054
15502
19323
15958
25839
18966
50240
27320
6108
6072
18431
18446
18988
6005
4731
10055
26981
15591
34613
30421
51902
19224
19253
30456
15828
26535
15925
30901
51878
18541
6102
4636
6175
10125
16879
16897
27227
50330
25564
27250
15035
17701
30011
11207
17695
30185
5939
34223
5480
11270
30066
5514
28089
7220
19719
51186
5843
34359
16064
50799
6968
25059
18092
4271
6865
27783
50694
6986
50777
6812
19714
15135
19680
30085
17795
11370
7320
17698
15038
28084
5519
28110
51112
34259
5943
4306
16164
6868
25159
6445
4371
16113
6965
25023
27717
50794
16069
27683
6912
34713
36027
26881
19324
5053
26915
15505
17246
30556
15928
15408
26818
51522
34669
15825
5129
30995
6196
6002
25944
6075
16979
10025
2247
18882
25849
16997
25587
18916
27327
25464
16874
10128
18961
6178
26968
30906
26532
15922
34719
26545
5059
34663
15475
30426
19223
26986
50337
10058
16904
25514
6008
16890
10122
18531
16424
6172
25834
6091
28017
51015
5844
15148
19769
11299
5833
34329
51062
28060
5513
7227
15045
30061
11277
5949
19787
34224
11200
19613
15032
5564
27667
18198
6981
16119
6438
27784
50707
25124
27610
6542
18095
6918
4395
25029
18176
18748
50034
25617
4865
4986
4448
50139
6392
10256
31040
6271
30628
26646
15798
7419
15695
30725
17035
17042
30752
34560
50404
27513
25227
27949
50473
27844
4102
50953
50509
16283
16317
27833
19589
17952
17508
51282
51316
5689
19830
17405
11097
34127
17591
11103
17828
7124
5610
19567
27934
4072
6746
16384
50479
27519
6731
16267
18372
25357
50574
27839
50497
27580
27414
7023
17575
51288
5683
17958
30212
19417
17502
15236
11190
7054
51211
17822
30368
17855
11109
19940
4818
10326
18735
6376
16657
25789
6295
27129
4881
4915
27024
11443
17145
5327
7413
30655
19027
34584
17132
5350
15792
17048
51621
25895
6047
4773
18404
18473
25976
6030
27218
18829
10060
16588
18953
27362
16846
27315
16831
27281
15540
15537
26927
17203
36181
30513
19282
30487
26593
30469
15817
51510
30844
51567
50748
27628
6594
25088
6400
16156
4334
25066
25185
4239
27725
6957
19751
30154
15170
7312
7286
1663
15093
17633
7365
34285
5971
51120
7268
6850
50735
4349
6507
16051
6493
50638
432
6570
18133
28052
5801
17639
30129
5995
7318
11348
28025
17734
30024
5898
19621
15194
11232
34216
34261
11245
7381
19656
5521
18479
2208
18823
18854
27265
18574
25871
25806
6140
4674
25992
18497
17209
30943
51417
51583
17290
36112
26820
17304
5166
19211
36086
15989
17373
15447
36165
5085
17917
51324
19458
5758
51353
34018
30350
19555
5622
1584
17437
30327
16228
25381
6709
27521
4147
27801
50916
27995
50961
4130
16352
19068
26603
34428
5368
36288
34552
5386
30760
15744
5212
17070
17007
11495
15733
36385
11501
26779
16618
4857
27111
25625
4599
27085
6339
16681
10213
18794
16715
31005
18600
27188
6234
25728
10264
51769
34422
19181
5362
11592
15634
30610
15643
17177
26609
17199
26773
5218
18770
6333
50198
4407
4470
6344
10280
18707
10314
16768
27016
50101
4927
27061
6249
7066
5752
17530
19425
30220
51359
11041
17889
19452
51254
17867
19891
5628
50866
4037
16255
12010
25268
4040
18337
50811
27426
6679
50546
50888
27451
25365
5500
15056
30072
19677
11264
28109
11213
17681
19600
7243
17715
5599
7339
5820
19699
18112
6551
16007
4265
18086
4386
50619
27674
25140
50763
4368
50680
27797
50714
27603
17352
26876
5130
30435
17325
26801
5147
15411
51882
34607
26995
15585
20027
30915
15931
26898
30962
51441
10131
18522
25827
6161
25850
6116
16440
4622
18555
10146
50229
25570
50353
50324
18802
16917
27233
16883
25493
18458
15841
51888
30812
15836
30986
17358
36034
30968
30532
51811
19337
26906
15561
16984
16810
27334
16867
27343
50254
6185
10041
27239
6011
16547
25499
18425
4752
10036
51176
11219
7249
17768
30078
28103
30102
15126
11280
17612
36404
34330
28079
5593
36473
51198
5407
19770
25030
27704
50787
27690
6895
18118
6901
27609
18181
6998
6456
4892
6268
4906
27040
25774
10238
50120
25703
27037
16749
25697
10335
18726
6365
4426
6312
6286
26725
26752
51645
19139
15718
26628
5334
17156
7400
19034
15615
36337
11427
25344
50484
16379
27593
25333
50830
6755
6722
27950
18361
34149
17831
26315
51396
30298
51275
17588
15252
5704
30276
19829
11060
34033
30395
11017
30201
19404
17511
11183
15225
6625
16373
27857
18266
50940
27599
18385
18211
4166
16304
27820
4188
27494
18288
25243
27577
50460
17416
11084
7140
15322
19497
11110
5797
34143
7137
15355
5603
34039
19854
51372
11189
5779
19479
17936
10245
18621
4898
6262
25790
50027
27130
27147
4995
34504
26758
11520
34490
30736
15712
5244
5233
51638
11557
34573
5349
34409
26655
4784
27298
18567
10097
16405
10103
16591
18484
27395
6029
16925
10079
4689
50361
27276
18589
25542
16508
25918
17283
36101
19396
30593
15423
5175
26833
51953
26844
34642
36176
5078
51473
30950
26564
15974
51404
30927
26949
6514
16042
6480
16035
6563
27631
6843
6419
50751
6834
7271
30037
19632
11221
5968
11256
19645
30040
15064
17750
28041
34308
28036
6933
25196
25002
4350
6464
6587
4327
16145
34278
51133
28131
5538
26053
19742
7301
11351
17620
30130
19735
6159
10109
25445
25432
27306
50211
25868
16478
25886
25548
16958
6054
25912
18417
4717
6023
4683
10073
15990
26580
51497
15804
34648
51503
30820
51574
30857
30599
15873
26839
15429
34745
36071
5191
5005
17267
15524
30500
51479
36006
30494
11128
7178
30349
51230
15217
7075
17523
5741
19436
34076
11052
17554
5736
25301
6789
4129
27818
27442
18353
27962
16246
6710
27881
16231
18324
26760
26683
17113
15627
30603
19006
7432
5306
34446
11462
27191
4519
50086
16698
27072
4934
27108
4580
16676
4463
10293
6357
18714
16795
4839
18680
34541
11565
26689
17063
17014
5276
15720
30704
30690
34536
19095
26610
51707
5298
51770
19198
16692
31016
18613
18664
6227
10277
50118
10299
4833
27102
25636
50015
27096
5631
17809
11155
11122
34106
7172
17424
30334
19811
7008
51340
15389
17973
27812
16336
4154
18223
50905
27986
50891
50528
6783
50972
18254
4123
12009
50452
25271
50808
18359
27968
27532
30573
15899
17263
15557
36075
5076
51827
30504
30824
15994
17319
51570
19398
10194
25916
16506
18849
18587
27278
10077
18464
16571
25961
18944
27375
25441
10099
18569
27302
18933
36445
11355
7291
28038
15110
30134
19731
11258
28135
5885
27648
4354
6460
18054
4323
16141
4259
27732
34298
5861
28032
11225
17723
34395
19641
15060
17754
7396
11252
4329
6847
27642
27738
6484
18153
4224
16031
18124
36008
15970
15893
51594
26517
51400
17313
26837
36172
51957
30474
19271
5106
26840
27205
4719
18419
16498
27272
18563
16476
6120
25866
10107
25985
10093
16401
6769
27541
50998
25275
27536
25396
27982
50895
27816
4150
18227
50976
18250
16345
6613
19981
5738
17900
51344
17977
19438
34175
17999
7101
15314
17420
30330
15280
11126
34102
6359
16678
50185
27106
4840
25632
50011
4560
6254
16696
25748
10273
6223
16775
34448
26780
34812
5308
19008
26663
19172
30777
26719
34545
11561
11516
30694
34532
11482
19105
27098
6324
25638
16791
4467
10297
6353
27001
10279
27195
50082
6229
16708
31018
18789
27076
15623
11585
19002
30793
34442
51709
19075
15654
51673
26764
34538
19178
15759
51604
6680
50871
6763
27911
18320
27885
25305
27431
27446
25372
16338
34005
5745
19432
30237
34191
30240
17550
15264
34072
51339
34108
51234
17993
15369
4285
25139
16173
4311
18011
6452
18185
16090
50783
4388
6972
27700
27777
16009
30092
34334
11310
17782
19703
11284
5474
30171
19774
5597
11367
5859
5579
11389
5923
34239
51105
26012
5954
19679
6015
16543
4721
6181
10045
16919
10032
18421
16534
25924
18901
27330
25404
6118
25590
16439
25473
27347
16863
26902
5044
15512
26558
34704
26896
15486
51438
34773
17251
19344
34609
30861
26878
15468
19249
15832
27240
50357
16549
16887
25497
16869
25479
10142
6086
6112
16444
30911
51432
19339
15942
26552
30966
19243
34603
51548
15581
30431
19234
17321
15415
6996
27670
25133
27607
27793
6555
16003
4216
50789
18161
4382
5409
28000
5853
30098
5824
51075
28077
19709
15128
5490
11260
17766
5504
30195
34233
5929
11217
17685
26651
36339
19137
34494
15716
17022
34500
15682
34577
5237
30745
50023
25600
4428
4991
18728
4805
27143
6211
31057
18652
10241
4908
50159
31020
6266
7049
17945
11019
51376
51301
30296
17586
11114
19507
11080
7133
15351
51398
30375
5793
27490
27573
18318
4115
16377
18262
50944
18215
4162
16300
50569
17938
5700
19477
30205
17515
11187
34037
30391
17481
11013
5799
19499
17842
19957
51271
30308
17418
27579
12035
16393
18312
4065
27923
16207
6751
6726
4186
50563
27403
50480
27859
18268
15666
11454
36333
34407
11423
15785
30635
5347
17125
11559
30738
17028
15688
18722
6361
4455
16637
10331
4878
16640
4902
27044
25770
50153
4896
4558
50124
27033
26824
5162
36082
30410
51569
34622
15819
36161
26853
5115
17399
26573
26929
19318
15914
34758
50398
25875
6133
4793
10163
10114
16586
16848
25802
10080
6144
16412
4670
18507
16932
18827
16568
6049
18850
16945
15190
11236
5552
7266
30020
19625
17747
15109
5991
28056
51054
5872
51023
6503
18137
25068
16158
6854
15079
5975
51124
26044
5902
34218
5558
5896
5878
34362
11346
51029
19755
30150
7316
17637
5455
30127
34281
19722
15097
25062
6829
18047
6404
25118
6590
51514
26597
51843
26954
34752
51419
5186
36011
26579
34725
17207
26923
5065
36185
51834
50271
6139
50392
16835
18920
25905
6043
16515
18400
10013
10064
18477
16562
25972
6034
18249
25282
27422
50542
4149
6693
50862
4033
16251
27975
6707
4044
18333
50815
12014
27558
17439
19976
17863
19901
11148
7118
11032
15200
5756
17534
34182
5721
15277
34061
17919
7181
4954
27012
50105
27186
18679
50091
4579
6337
4403
50008
16782
27168
6340
10284
19088
17009
26694
26700
5388
5366
17104
11596
30614
19011
17090
11402
34451
11475
5285
19066
5311
17173
4573
16711
6247
31001
18604
16685
4929
10260
18673
16766
50075
25656
27162
50196
25621
50002
15740
17074
34556
5382
11505
34521
30687
5261
11491
26607
51710
26793
27991
4143
16321
27805
6600
18339
50445
27525
25385
11142
7086
19551
5626
17444
7112
15370
7165
5651
17433
19526
34085
11135
34111
19992
17549
17913
19806
11038
7068
34188
18091
50679
6546
4272
4205
16067
27663
6811
16089
6866
25120
27614
50697
4308
27780
11273
34257
5517
7223
30065
19660
19617
11390
15036
5560
19783
30186
11204
51011
36419
28064
7359
18535
6176
10126
16999
25567
16977
18438
6198
18815
5127
17345
34610
26982
30422
19227
17332
15406
51421
30902
34689
26541
18912
27323
16807
25417
18548
4648
27354
16870
4732
10056
18432
15598
30428
30525
19320
17235
34717
30908
34760
15576
17242
19357
51871
479
50790
27687
25027
27713
27764
6916
6882
4296
4302
16160
6436
6441
16117
18196
27669
16083
11279
51116
7229
28080
19684
30081
11303
19710
11297
15131
5467
17672
51625
26745
17141
19054
34463
36320
19023
17136
5354
27057
4911
25763
4885
16729
6208
10258
27020
6372
10322
6291
25619
16653
4431
6305
51381
15348
19569
1995
11099
11077
51318
17571
5713
19464
19413
5764
11194
34024
17492
11000
19849
25353
18398
27467
4098
50507
6638
27584
16380
18301
27930
4076
6742
6735
16263
4001
18376
27489
34123
51268
11107
19514
5663
15335
7120
17476
19563
34154
19419
30388
19834
51286
5719
4092
16364
4106
50957
16313
4171
6645
25359
18392
16269
50594
27483
50400
27517
50477
30721
17031
34513
26738
5224
30756
26642
19029
26635
34469
6202
10252
18636
31033
6275
27127
16659
25787
4982
25664
10328
15605
5353
17131
51758
36327
26638
11440
30656
5324
7410
51622
18741
10325
6375
16623
4961
27027
50130
6278
50147
27050
51368
17495
5763
17501
11193
7057
15235
30211
19463
7020
15242
19839
5680
19943
17598
30288
17821
5619
18371
6732
16264
16213
27937
6745
18306
16387
18292
25259
27583
25354
27460
15248
17926
51315
19833
51362
34029
11199
5769
34153
11177
19564
7127
17471
15332
30316
19513
17592
11100
34124
19487
16219
50470
18298
4198
27484
50593
6738
27830
6642
18201
6635
16363
27847
26632
19059
15678
26645
5223
15775
11547
11530
36220
34514
15702
17036
34480
30726
4811
25663
16629
4985
6308
4866
27120
6272
18631
4888
31034
6391
10255
27613
25150
6816
4378
6982
6536
17608
30118
51061
19689
5847
28014
51016
5589
11203
30181
34227
11397
5567
30062
19667
5510
15046
7224
5484
11274
16907
50334
18812
16893
18448
18986
25560
16450
6092
50239
18968
10121
27359
25837
15498
15956
17238
30528
15921
36059
30905
15401
30425
19220
26985
15595
34617
30808
19257
15476
26866
16520
4742
18435
10026
6195
18442
16899
6001
16557
4735
25467
27353
16800
27324
25410
19350
30555
17245
26961
5027
34710
26916
15506
15826
30802
51521
30458
30875
16084
6446
6988
4305
6431
27619
6885
16189
27763
6911
25020
27714
50797
11373
19760
51188
7323
15136
11290
11304
28069
17796
30086
28087
51111
11209
5937
7259
50448
18334
50812
6777
27905
16221
27972
16256
4034
27528
27808
50545
6799
27425
11042
19451
19426
30223
34185
15207
11035
19892
17864
51257
19971
11138
18704
10283
4829
50078
10317
6330
18773
25756
27062
50102
27015
4953
25721
30664
34421
11405
30613
5361
26693
30769
26770
27112
4854
25626
27086
18779
10289
27165
10267
4497
50108
4959
18797
31006
16716
4574
6240
17109
51683
5288
51717
11478
26600
36368
19111
5266
34526
11575
5211
30763
27978
25382
18349
27522
50818
6793
6607
50915
27802
27458
27996
17963
19876
19801
19995
17880
11132
19521
34082
7162
17434
5656
17443
5621
7115
30353
19556
11145
7081
34161
51580
34728
26574
15964
17370
15444
51943
36111
30583
19212
36085
30417
5165
26823
27266
16942
18599
25552
50371
18857
16518
10069
18820
27211
16935
10087
25805
4677
18494
10113
25991
2371
4794
10164
16838
25428
4600
6134
27288
15179
19758
28026
5875
34318
5802
5996
5458
11246
7382
34262
5522
17740
19655
30050
34381
30027
5555
17737
11231
15197
50741
50736
6853
6409
25081
6929
18130
6504
4230
16052
25018
5808
36426
34286
15173
19752
30157
7285
19628
15009
28121
6597
16155
18037
4340
25168
16058
6923
27751
51833
15534
5181
26509
36061
26953
17277
15543
15863
26829
26590
51513
15814
50298
4707
6033
25975
10063
16948
25896
6044
4770
16512
18927
27316
16832
25878
16468
27282
6149
27361
16845
50276
10119
15766
34570
36244
11523
15711
5247
30735
34493
11459
7409
30638
6261
16737
18622
27049
4978
50129
4802
4996
25793
18758
25607
34140
5794
7134
5600
5677
11087
19500
11113
19494
17935
17942
30208
27479
18386
4165
50934
6626
16370
4086
50839
12038
25240
27503
25237
50414
27497
11119
51276
26316
19927
17468
17948
34030
17512
5770
11180
30275
5707
34047
11063
5693
50949
16299
50564
27473
18218
18362
16277
27953
27924
16394
50469
12032
18281
26726
51631
15616
5340
19037
30632
15782
36334
34477
11453
17155
5337
15661
25700
27034
4972
4528
18628
27043
16647
4425
6311
6285
10336
4808
6366
18725
6558
6902
25033
27707
16079
16097
6455
16103
18016
50689
4282
51096
5509
5953
34249
28100
51102
17688
5924
15028
34344
5590
30176
19773
5404
15152
11283
15125
17611
30101
51078
34333
10138
25474
16864
25597
27337
25403
18906
25923
10035
10042
4726
16544
51532
30985
19239
30866
19343
30888
26972
15938
15481
36037
51812
30531
25853
4621
10145
6081
6162
10048
18801
25490
25573
26802
30436
19233
26996
34604
51881
34673
19244
15465
15945
34709
5049
19349
15568
15932
25039
4385
27699
6908
50683
25134
27677
6805
16109
11210
34234
30192
30006
30071
19674
7237
15055
34243
5497
51108
11267
51072
28070
5823
5854
15158
6780
25308
18257
18220
50906
27811
16335
27985
25391
50426
27531
25272
50451
27888
16238
34105
11121
7106
30340
51239
11156
34172
5748
51343
51334
15269
6224
16772
27198
10274
16691
31015
18610
4567
6253
16608
27176
30707
5275
17017
11485
15723
34535
30693
11511
11566
51609
5396
5202
30770
26664
11588
26613
25745
27071
50166
6259
27192
25732
18717
4460
16602
10290
6354
18683
25648
4583
4417
50188
16675
18760
51603
5208
5305
30677
11461
26619
34432
19191
30600
19005
50898
27441
27436
16348
25278
27882
18327
50801
4050
4027
27961
6713
6687
19881
19915
19538
11051
19818
15263
30247
19442
34196
15214
5742
15870
51577
51494
15993
15807
30503
26937
5071
36005
30959
34746
15550
30574
19371
27305
4619
16856
16598
16576
4680
10070
18839
27208
18580
25885
10193
6057
5882
11228
28132
26027
5961
34301
1673
28048
34295
19736
7375
7302
34376
25195
6930
27742
6584
6410
16146
25098
18053
16131
4353
28138
11255
19646
30043
30034
5888
17724
15010
7272
11222
5866
15089
28042
18123
4254
6517
4223
18154
6483
4359
6837
27645
50725
27632
6840
26847
17363
5101
15457
26589
36175
30590
34636
17280
36096
30404
26830
17314
5198
36078
15894
15977
25816
6150
10094
16406
4664
18487
18949
10100
50218
16471
25861
6127
27275
25541
50362
4769
27396
16926
